1 1
1 2
1 3
1 4
1 5
1 6
1 7
1 8
1 9
1 10
1 11
1 12
1 13
1 14
1 15
1 16
1 17
1 18
1 19
1 20
1 21
1 22
1 23
1 24
1 25
1 26
1 27
1 28
1 29
1 30
1 31
1 32
1 33
1 34
1 35
1 36
1 37
1 38
1 39
1 40
1 41
1 42
1 43
1 44
1 45
1 46
1 47
1 48
1 49
1 50
1 51
1 52
1 53
1 54
1 55
1 56
1 57
1 58
1 59
1 60
1 61
1 62
1 63
1 64
1 65
1 67
1 68
1 69
1 70
1 71
1 72
1 73
1 74
1 75
1 76
1 77
1 78
1 79
1 80
1 81
1 82
1 83
1 84
1 85
1 86
1 87
1 88
1 89
1 91
1 92
1 93
1 94
1 95
1 96
1 97
1 98
1 99
1 100
1 101
1 102
1 103
1 104
1 105
1 106
1 107
1 108
1 109
1 110
1 111
1 112
1 113
1 114
1 115
1 116
1 117
1 118
1 119
1 120
1 122
1 123
1 124
1 125
1 126
1 127
1 128
2 1
2 2
2 3
2 4
2 5
2 6
2 7
2 8
2 9
2 10
2 11
2 12
2 13
2 14
2 16
2 17
2 18
2 19
2 20
2 21
2 22
2 23
2 24
2 25
2 26
2 27
2 28
2 29
2 30
2 31
2 32
2 33
2 34
2 35
2 36
2 37
2 38
2 39
2 40
2 41
2 42
2 43
2 44
2 45
2 47
2 49
2 50
2 51
2 52
2 55
2 56
2 57
2 58
2 59
2 60
2 61
2 62
2 63
2 64
2 65
2 66
2 67
2 68
2 69
2 70
2 71
2 72
2 73
2 74
2 75
2 76
2 77
2 78
2 79
2 80
2 81
2 82
2 83
2 84
2 85
2 86
2 88
2 89
2 90
2 93
2 94
2 95
2 96
2 98
2 99
2 101
2 102
2 103
2 104
2 105
2 106
2 108
2 109
2 110
2 112
2 113
2 114
2 116
2 117
2 118
2 119
2 120
2 121
2 123
2 124
2 125
2 126
2 128
3 1
3 2
3 3
3 4
3 5
3 6
3 7
3 8
3 9
3 10
3 11
3 12
3 13
3 14
3 15
3 16
3 17
3 18
3 19
3 20
3 21
3 22
3 23
3 24
3 26
3 27
3 28
3 29
3 30
3 31
3 32
3 33
3 34
3 36
3 37
3 39
3 41
3 42
3 43
3 44
3 45
3 46
3 47
3 48
3 49
3 50
3 52
3 55
3 56
3 57
3 58
3 60
3 62
3 65
3 66
3 67
3 68
3 70
3 71
3 72
3 74
3 75
3 76
3 77
3 78
3 80
3 81
3 82
3 83
3 84
3 85
3 86
3 87
3 88
3 89
3 90
3 91
3 92
3 93
3 94
3 96
3 97
3 98
3 99
3 101
3 102
3 103
3 104
3 105
3 107
3 108
3 110
3 111
3 112
3 113
3 114
3 115
3 117
3 118
3 119
3 120
3 121
3 122
3 125
3 126
3 127
3 128
4 1
4 2
4 3
4 4
4 5
4 6
4 7
4 8
4 9
4 10
4 11
4 12
4 14
4 15
4 16
4 17
4 18
4 19
4 20
4 21
4 22
4 23
4 24
4 25
4 26
4 27
4 28
4 29
4 30
4 31
4 32
4 34
4 35
4 36
4 37
4 38
4 40
4 41
4 42
4 43
4 44
4 45
4 46
4 47
4 48
4 49
4 50
4 51
4 52
4 53
4 54
4 56
4 57
4 58
4 59
4 60
4 61
4 63
4 65
4 67
4 69
4 70
4 71
4 72
4 73
4 74
4 75
4 76
4 77
4 79
4 80
4 82
4 83
4 84
4 85
4 86
4 87
4 88
4 89
4 91
4 92
4 93
4 94
4 97
4 98
4 100
4 101
4 103
4 105
4 106
4 108
4 109
4 110
4 112
4 114
4 115
4 117
4 118
4 121
4 122
4 123
4 124
4 125
4 126
4 127
5 1
5 2
5 3
5 4
5 5
5 6
5 7
5 8
5 9
5 10
5 11
5 12
5 13
5 14
5 15
5 16
5 17
5 18
5 19
5 20
5 22
5 23
5 24
5 25
5 27
5 28
5 29
5 30
5 31
5 32
5 34
5 35
5 36
5 37
5 38
5 39
5 40
5 41
5 42
5 44
5 46
5 47
5 48
5 49
5 50
5 51
5 52
5 53
5 54
5 55
5 56
5 57
5 59
5 60
5 62
5 63
5 65
5 67
5 68
5 69
5 70
5 73
5 76
5 77
5 78
5 80
5 81
5 82
5 83
5 85
5 88
5 89
5 90
5 92
5 93
5 95
5 96
5 99
5 100
5 101
5 102
5 104
5 105
5 106
5 107
5 110
5 113
5 114
5 116
5 120
5 121
5 122
5 123
5 124
5 125
5 127
5 128
6 1
6 2
6 3
6 4
6 5
6 6
6 7
6 8
6 9
6 10
6 11
6 12
6 13
6 14
6 16
6 17
6 18
6 19
6 20
6 21
6 23
6 24
6 25
6 27
6 28
6 29
6 30
6 31
6 32
6 33
6 35
6 36
6 37
6 39
6 41
6 42
6 43
6 44
6 45
6 46
6 49
6 50
6 52
6 53
6 55
6 57
6 58
6 59
6 61
6 62
6 63
6 64
6 66
6 67
6 68
6 71
6 72
6 74
6 76
6 78
6 80
6 81
6 83
6 85
6 87
6 89
6 93
6 95
6 97
6 98
6 99
6 100
6 101
6 102
6 103
6 104
6 105
6 107
6 109
6 111
6 112
6 114
6 115
6 118
6 120
6 125
6 126
6 128
7 1
7 2
7 3
7 4
7 5
7 6
7 7
7 9
7 10
7 11
7 12
7 13
7 14
7 15
7 16
7 18
7 19
7 20
7 21
7 24
7 25
7 26
7 27
7 28
7 30
7 32
7 33
7 34
7 36
7 38
7 40
7 41
7 42
7 43
7 44
7 45
7 47
7 48
7 49
7 52
7 54
7 57
7 58
7 59
7 60
7 61
7 64
7 65
7 66
7 68
7 70
7 71
7 75
7 76
7 78
7 79
7 80
7 83
7 85
7 87
7 88
7 90
7 91
7 92
7 95
7 96
7 98
7 101
7 103
7 104
7 105
7 107
7 109
7 111
7 112
7 113
7 115
7 117
7 120
7 122
7 125
8 1
8 2
8 3
8 4
8 5
8 6
8 7
8 8
8 9
8 10
8 11
8 12
8 13
8 14
8 15
8 16
8 17
8 18
8 19
8 20
8 22
8 23
8 26
8 27
8 28
8 29
8 30
8 31
8 32
8 33
8 35
8 36
8 37
8 38
8 39
8 40
8 41
8 43
8 44
8 46
8 50
8 51
8 52
8 53
8 56
8 57
8 58
8 60
8 61
8 63
8 65
8 68
8 69
8 71
8 72
8 74
8 77
8 78
8 79
8 80
8 83
8 84
8 85
8 86
8 88
8 89
8 90
8 92
8 93
8 96
8 99
8 100
8 102
8 103
8 106
8 107
8 108
8 109
8 111
8 113
8 114
8 116
8 117
8 118
8 119
8 120
8 122
8 123
8 126
8 127
8 128
9 1
9 2
9 3
9 4
9 5
9 6
9 7
9 8
9 10
9 11
9 12
9 13
9 14
9 15
9 16
9 17
9 18
9 19
9 20
9 21
9 23
9 24
9 25
9 26
9 27
9 28
9 30
9 32
9 33
9 34
9 35
9 36
9 37
9 38
9 39
9 40
9 41
9 42
9 43
9 45
9 47
9 48
9 49
9 50
9 51
9 52
9 53
9 54
9 55
9 56
9 58
9 59
9 61
9 63
9 67
9 69
9 70
9 71
9 72
9 74
9 75
9 79
9 82
9 84
9 85
9 87
9 89
9 90
9 93
9 94
9 96
9 99
9 101
9 103
9 104
9 105
9 106
9 108
9 109
9 110
9 112
9 113
9 116
9 119
9 121
9 122
9 124
9 126
10 1
10 2
10 3
10 5
10 6
10 7
10 8
10 9
10 11
10 12
10 13
10 14
10 16
10 17
10 18
10 19
10 20
10 21
10 24
10 26
10 27
10 28
10 30
10 31
10 32
10 36
10 38
10 40
10 41
10 42
10 43
10 44
10 45
10 46
10 47
10 48
10 49
10 50
10 51
10 53
10 54
10 55
10 57
10 58
10 61
10 62
10 63
10 64
10 65
10 67
10 68
10 71
10 74
10 75
10 76
10 77
10 80
10 83
10 85
10 86
10 88
10 89
10 93
10 95
10 97
10 98
10 100
10 102
10 103
10 106
10 109
10 111
10 112
10 113
10 114
10 115
10 116
10 117
10 121
10 124
10 127
11 1
11 2
11 3
11 4
11 5
11 6
11 7
11 8
11 9
11 10
11 11
11 13
11 14
11 15
11 17
11 18
11 19
11 20
11 21
11 22
11 23
11 24
11 26
11 30
11 31
11 33
11 34
11 36
11 37
11 38
11 41
11 43
11 45
11 48
11 50
11 52
11 54
11 55
11 57
11 58
11 61
11 62
11 64
11 66
11 67
11 73
11 75
11 76
11 78
11 81
11 82
11 85
11 88
11 91
11 94
11 96
11 99
11 101
11 103
11 105
11 107
11 108
11 110
11 112
11 113
11 117
11 119
11 121
11 123
11 125
11 127
11 128
12 1
12 2
12 3
12 7
12 8
12 10
12 11
12 12
12 13
12 14
12 16
12 18
12 19
12 20
12 21
12 23
12 24
12 25
12 27
12 28
12 29
12 30
12 32
12 33
12 34
12 35
12 37
12 38
12 39
12 40
12 41
12 42
12 43
12 45
12 48
12 51
12 52
12 53
12 54
12 55
12 57
12 58
12 60
12 63
12 65
12 67
12 68
12 69
12 71
12 72
12 73
12 76
12 78
12 80
12 82
12 85
12 87
12 89
12 90
12 91
12 96
12 98
12 101
12 104
12 105
12 108
12 110
12 112
12 113
12 114
12 119
12 122
12 126
13 1
13 2
13 3
13 4
13 5
13 6
13 8
13 9
13 10
13 11
13 14
13 16
13 19
13 20
13 21
13 23
13 24
13 25
13 27
13 29
13 30
13 31
13 32
13 33
13 34
13 35
13 36
13 37
13 39
13 40
13 43
13 45
13 47
13 48
13 49
13 52
13 54
13 55
13 59
13 60
13 62
13 66
13 68
13 69
13 70
13 71
13 72
13 75
13 76
13 80
13 81
13 82
13 83
13 85
13 87
13 89
13 90
13 94
13 96
13 98
13 103
13 106
13 108
13 109
13 113
13 115
13 116
13 118
13 120
13 125
13 127
14 1
14 2
14 3
14 4
14 5
14 6
14 7
14 8
14 9
14 11
14 12
14 13
14 16
14 17
14 18
14 19
14 21
14 23
14 24
14 26
14 29
14 30
14 31
14 32
14 36
14 39
14 40
14 43
14 44
14 45
14 48
14 51
14 54
14 57
14 59
14 61
14 65
14 66
14 67
14 68
14 71
14 74
14 76
14 77
14 78
14 80
14 85
14 87
14 89
14 90
14 94
14 96
14 97
14 100
14 103
14 107
14 109
14 111
14 114
14 115
14 117
14 119
14 121
14 124
14 128
15 1
15 2
15 3
15 4
15 6
15 8
15 9
15 10
15 12
15 13
15 14
15 15
15 16
15 17
15 18
15 19
15 20
15 22
15 24
15 25
15 28
15 31
15 32
15 35
15 37
15 38
15 41
15 43
15 44
15 46
15 47
15 48
15 49
15 50
15 53
15 56
15 60
15 62
15 65
15 67
15 69
15 71
15 75
15 77
15 80
15 82
15 83
15 86
15 87
15 90
15 91
15 92
15 95
15 96
15 97
15 98
15 99
15 100
15 105
15 106
15 107
15 113
15 115
15 117
15 118
15 121
15 124
15 127
16 1
16 2
16 3
16 4
16 6
16 8
16 9
16 10
16 11
16 12
16 13
16 14
16 15
16 16
16 18
16 20
16 21
16 23
16 26
16 28
16 29
16 30
16 33
16 37
16 38
16 40
16 43
16 45
16 46
16 48
16 51
16 53
16 54
16 57
16 58
16 61
16 62
16 63
16 65
16 66
16 69
16 72
16 75
16 79
16 82
16 85
16 86
16 88
16 90
16 93
16 98
16 103
16 106
16 107
16 109
16 111
16 113
16 116
16 118
16 124
16 127
17 1
17 3
17 4
17 5
17 6
17 7
17 8
17 10
17 11
17 12
17 14
17 15
17 16
17 18
17 19
17 20
17 23
17 25
17 26
17 27
17 30
17 31
17 33
17 35
17 37
17 39
17 40
17 41
17 42
17 46
17 49
17 52
17 54
17 56
17 57
17 60
17 62
17 64
17 65
17 68
17 69
17 71
17 72
17 76
17 80
17 81
17 84
17 85
17 90
17 91
17 93
17 96
17 97
17 99
17 101
17 102
17 106
17 110
17 114
17 117
17 121
17 122
17 125
17 128
18 1
18 2
18 3
18 4
18 5
18 6
18 7
18 8
18 9
18 10
18 11
18 12
18 13
18 18
18 19
18 21
18 23
18 24
18 25
18 27
18 29
18 33
18 35
18 36
18 37
18 38
18 40
18 42
18 43
18 45
18 47
18 49
18 52
18 55
18 58
18 59
18 63
18 67
18 71
18 74
18 77
18 80
18 82
18 84
18 85
18 87
18 90
18 94
18 96
18 98
18 100
18 105
18 111
18 115
18 118
18 122
18 124
19 1
19 2
19 3
19 4
19 5
19 6
19 7
19 8
19 9
19 11
19 12
19 13
19 14
19 15
19 16
19 17
19 20
19 21
19 22
19 23
19 24
19 25
19 26
19 27
19 29
19 31
19 32
19 33
19 34
19 35
19 36
19 38
19 39
19 41
19 43
19 45
19 47
19 50
19 52
19 54
19 55
19 56
19 59
19 63
19 65
19 66
19 72
19 75
19 76
19 79
19 84
19 87
19 89
19 91
19 95
19 97
19 99
19 101
19 106
19 107
19 110
19 113
19 117
19 119
19 121
19 126
20 1
20 2
20 3
20 4
20 5
20 6
20 7
20 8
20 9
20 10
20 12
20 17
20 18
20 22
20 24
20 27
20 28
20 30
20 32
20 34
20 35
20 37
20 41
20 43
20 44
20 48
20 49
20 53
20 56
20 57
20 60
20 61
20 64
20 65
20 69
20 72
20 74
20 75
20 77
20 80
20 85
20 88
20 93
20 94
20 98
20 99
20 102
20 105
20 109
20 113
20 115
20 120
20 122
20 124
21 1
21 2
21 3
21 4
21 5
21 6
21 7
21 8
21 9
21 10
21 11
21 12
21 13
21 14
21 16
21 17
21 18
21 19
21 20
21 22
21 25
21 27
21 28
21 29
21 30
21 31
21 34
21 35
21 36
21 37
21 39
21 41
21 44
21 47
21 51
21 54
21 58
21 63
21 66
21 69
21 73
21 75
21 78
21 81
21 85
21 88
21 91
21 94
21 96
21 103
21 105
21 108
21 113
21 116
21 119
21 124
21 126
22 1
22 2
22 3
22 4
22 5
22 6
22 7
22 9
22 10
22 11
22 12
22 14
22 15
22 16
22 18
22 21
22 27
22 28
22 32
22 34
22 35
22 36
22 39
22 41
22 44
22 46
22 48
22 56
22 61
22 62
22 64
22 67
22 70
22 71
22 74
22 75
22 77
22 81
22 85
22 90
22 96
22 100
22 102
22 105
22 108
22 110
22 113
22 117
22 124
22 128
23 1
23 2
23 4
23 5
23 6
23 7
23 8
23 9
23 15
23 16
23 18
23 19
23 20
23 22
23 23
23 25
23 28
23 30
23 32
23 36
23 38
23 39
23 41
23 45
23 48
23 51
23 55
23 56
23 58
23 60
23 63
23 64
23 66
23 71
23 72
23 75
23 79
23 83
23 88
23 91
23 93
23 96
23 100
23 104
23 110
23 118
23 121
23 124
23 128
24 1
24 2
24 3
24 4
24 5
24 6
24 7
24 9
24 10
24 12
24 13
24 14
24 15
24 16
24 17
24 18
24 20
24 21
24 23
24 25
24 26
24 28
24 31
24 34
24 35
24 36
24 37
24 38
24 40
24 45
24 49
24 52
24 55
24 59
24 60
24 65
24 67
24 72
24 74
24 77
24 78
24 82
24 85
24 87
24 90
24 93
24 96
24 97
24 104
24 106
24 111
24 117
24 123
24 128
25 1
25 2
25 3
25 4
25 5
25 7
25 8
25 10
25 11
25 15
25 17
25 19
25 22
25 23
25 24
25 25
25 26
25 28
25 31
25 35
25 37
25 42
25 45
25 48
25 50
25 52
25 53
25 54
25 56
25 60
25 64
25 66
25 70
25 72
25 73
25 78
25 81
25 87
25 93
25 96
25 98
25 102
25 109
25 114
25 118
25 122
26 1
26 2
26 3
26 4
26 5
26 6
26 7
26 8
26 9
26 12
26 13
26 14
26 15
26 16
26 20
26 21
26 24
26 25
26 26
26 29
26 30
26 33
26 35
26 39
26 45
26 49
26 52
26 53
26 58
26 60
26 63
26 67
26 73
26 75
26 80
26 84
26 86
26 87
26 94
26 96
26 101
26 102
26 107
26 113
26 120
26 124
27 1
27 2
27 3
27 4
27 5
27 6
27 7
27 10
27 11
27 13
27 14
27 15
27 16
27 18
27 19
27 20
27 21
27 23
27 24
27 25
27 30
27 34
27 36
27 38
27 40
27 42
27 43
27 48
27 51
27 53
27 57
27 61
27 64
27 67
27 70
27 78
27 84
27 86
27 87
27 91
27 96
27 99
27 103
27 104
27 109
27 114
27 120
27 123
27 126
27 128
28 1
28 2
28 3
28 4
28 5
28 6
28 7
28 8
28 9
28 10
28 11
28 13
28 17
28 22
28 24
28 25
28 27
28 30
28 32
28 33
28 35
28 36
28 37
28 40
28 42
28 44
28 45
28 48
28 49
28 52
28 55
28 57
28 61
28 62
28 66
28 68
28 71
28 76
28 78
28 82
28 88
28 89
28 94
28 98
28 104
28 107
28 110
28 116
28 121
28 127
29 1
29 2
29 3
29 4
29 5
29 6
29 7
29 8
29 9
29 10
29 12
29 13
29 15
29 16
29 18
29 19
29 22
29 23
29 28
29 29
29 30
29 31
29 32
29 33
29 38
29 42
29 45
29 48
29 52
29 55
29 58
29 62
29 67
29 68
29 73
29 80
29 83
29 92
29 99
29 104
29 108
29 110
29 117
29 121
29 127
30 1
30 2
30 3
30 4
30 6
30 7
30 8
30 9
30 11
30 12
30 13
30 14
30 15
30 17
30 20
30 21
30 23
30 24
30 25
30 26
30 27
30 29
30 30
30 34
30 35
30 39
30 42
30 44
30 45
30 48
30 51
30 53
30 55
30 59
30 63
30 64
30 67
30 71
30 78
30 79
30 81
30 84
30 88
30 91
30 97
30 102
30 105
30 109
30 113
30 118
30 121
30 124
30 128
31 1
31 2
31 3
31 4
31 5
31 6
31 8
31 9
31 10
31 14
31 15
31 16
31 18
31 22
31 26
31 32
31 33
31 35
31 38
31 39
31 42
31 46
31 50
31 54
31 55
31 59
31 64
31 67
31 73
31 76
31 83
31 88
31 92
31 95
31 100
31 108
31 111
31 116
31 119
32 1
32 2
32 3
32 4
32 5
32 6
32 7
32 8
32 9
32 10
32 11
32 12
32 13
32 14
32 15
32 17
32 18
32 24
32 27
32 30
32 31
32 32
32 33
32 35
32 40
32 41
32 42
32 45
32 46
32 52
32 55
32 60
32 62
32 65
32 73
32 77
32 80
32 88
32 94
32 99
32 107
32 114
32 122
32 125
32 127
33 1
33 2
33 3
33 4
33 5
33 6
33 9
33 12
33 13
33 14
33 15
33 16
33 17
33 19
33 20
33 28
33 33
33 35
33 38
33 40
33 41
33 45
33 52
33 56
33 60
33 64
33 66
33 70
33 73
33 78
33 82
33 90
33 96
33 99
33 105
33 113
33 117
33 126
34 1
34 2
34 3
34 4
34 5
34 6
34 7
34 8
34 10
34 11
34 12
34 13
34 14
34 15
34 16
34 18
34 19
34 21
34 22
34 23
34 25
34 29
34 32
34 33
34 37
34 39
34 43
34 46
34 48
34 52
34 56
34 57
34 62
34 64
34 65
34 66
34 71
34 76
34 81
34 90
34 93
34 101
34 105
34 110
34 112
34 116
34 123
35 1
35 3
35 4
35 5
35 6
35 7
35 8
35 9
35 16
35 18
35 20
35 21
35 24
35 25
35 28
35 30
35 31
35 37
35 38
35 42
35 44
35 50
35 53
35 60
35 64
35 70
35 72
35 75
35 81
35 82
35 87
35 95
35 103
35 107
35 111
35 114
35 121
36 1
36 2
36 3
36 4
36 8
36 10
36 11
36 12
36 13
36 14
36 15
36 17
36 18
36 19
36 22
36 25
36 26
36 27
36 29
36 30
36 31
36 39
36 42
36 45
36 48
36 51
36 53
36 55
36 58
36 60
36 65
36 67
36 70
36 78
36 80
36 87
36 91
36 99
36 106
36 113
36 115
36 120
36 126
37 1
37 2
37 3
37 4
37 5
37 6
37 7
37 8
37 9
37 10
37 11
37 13
37 14
37 16
37 17
37 20
37 23
37 24
37 30
37 40
37 44
37 46
37 48
37 50
37 52
37 56
37 61
37 64
37 68
37 73
37 77
37 86
37 91
37 97
37 103
37 105
37 110
37 116
37 122
37 124
38 1
38 2
38 3
38 4
38 5
38 7
38 8
38 10
38 11
38 12
38 13
38 15
38 16
38 18
38 22
38 23
38 25
38 26
38 27
38 29
38 32
38 33
38 35
38 36
38 38
38 40
38 41
38 43
38 47
38 53
38 58
38 66
38 71
38 76
38 81
38 84
38 92
38 96
38 98
38 103
38 111
38 117
38 122
38 127
39 1
39 3
39 4
39 5
39 6
39 7
39 9
39 10
39 12
39 13
39 15
39 16
39 17
39 19
39 20
39 31
39 34
39 35
39 36
39 37
39 49
39 54
39 59
39 64
39 68
39 71
39 76
39 79
39 84
39 88
39 92
39 96
39 100
39 111
39 119
39 124
39 128
40 1
40 2
40 3
40 5
40 6
40 7
40 8
40 9
40 10
40 11
40 14
40 16
40 21
40 23
40 25
40 29
40 35
40 36
40 38
40 41
40 45
40 49
40 52
40 60
40 63
40 65
40 68
40 70
40 75
40 83
40 89
40 97
40 103
40 114
40 121
41 1
41 2
41 4
41 6
41 7
41 8
41 11
41 12
41 14
41 19
41 20
41 22
41 27
41 28
41 32
41 40
41 41
41 44
41 45
41 46
41 47
41 51
41 59
41 65
41 69
41 72
41 76
41 82
41 88
41 93
41 100
41 110
41 117
41 122
41 125
42 1
42 2
42 3
42 4
42 5
42 6
42 7
42 8
42 9
42 10
42 11
42 12
42 15
42 16
42 17
42 18
42 24
42 26
42 31
42 33
42 34
42 36
42 37
42 43
42 52
42 57
42 60
42 65
42 68
42 74
42 79
42 84
42 89
42 93
42 98
42 104
42 109
42 117
42 120
42 123
42 128
43 1
43 2
43 3
43 4
43 5
43 6
43 7
43 8
43 10
43 12
43 13
43 16
43 17
43 20
43 21
43 23
43 30
43 31
43 36
43 42
43 48
43 49
43 53
43 55
43 57
43 62
43 67
43 74
43 81
43 87
43 91
43 99
43 107
43 111
43 123
44 1
44 2
44 4
44 5
44 6
44 7
44 8
44 9
44 10
44 11
44 13
44 14
44 15
44 17
44 18
44 19
44 20
44 23
44 24
44 27
44 29
44 34
44 38
44 39
44 40
44 45
44 50
44 52
44 56
44 60
44 62
44 71
44 75
44 81
44 90
44 96
44 102
44 108
44 117
44 122
45 1
45 2
45 3
45 4
45 5
45 6
45 9
45 10
45 12
45 13
45 17
45 18
45 21
45 22
45 23
45 24
45 25
45 26
45 32
45 37
45 41
45 44
45 46
45 49
45 53
45 57
45 60
45 65
45 71
45 75
45 81
45 93
45 102
45 103
45 109
45 116
46 1
46 2
46 3
46 4
46 5
46 6
46 7
46 8
46 9
46 12
46 13
46 19
46 25
46 27
46 32
46 35
46 39
46 40
46 43
46 48
46 53
46 57
46 62
46 75
46 80
46 85
46 90
46 96
46 105
46 110
46 117
46 121
46 128
47 1
47 2
47 3
47 4
47 5
47 6
47 9
47 11
47 14
47 15
47 18
47 21
47 28
47 33
47 34
47 36
47 37
47 38
47 44
47 45
47 48
47 54
47 58
47 65
47 72
47 79
47 86
47 89
47 93
47 101
47 110
47 115
47 121
48 1
48 3
48 4
48 5
48 6
48 7
48 8
48 12
48 13
48 14
48 16
48 17
48 23
48 24
48 26
48 31
48 40
48 42
48 49
48 53
48 58
48 60
48 67
48 73
48 80
48 87
48 93
48 100
48 108
48 118
49 1
49 2
49 3
49 4
49 5
49 6
49 7
49 8
49 10
49 11
49 12
49 18
49 19
49 20
49 23
49 24
49 30
49 32
49 43
49 55
49 62
49 66
49 71
49 75
49 83
49 89
49 96
49 100
49 105
49 112
49 118
49 123
50 1
50 3
50 5
50 6
50 7
50 9
50 10
50 11
50 12
50 13
50 14
50 15
50 22
50 25
50 26
50 27
50 28
50 29
50 34
50 35
50 40
50 41
50 47
50 48
50 52
50 56
50 62
50 85
50 91
50 95
50 103
50 111
50 120
50 126
50 128
51 1
51 2
51 4
51 5
51 6
51 7
51 9
51 10
51 14
51 16
51 17
51 19
51 21
51 24
51 32
51 33
51 37
51 42
51 55
51 62
51 69
51 73
51 75
51 86
51 94
51 104
51 113
51 121
52 1
52 2
52 3
52 4
52 8
52 13
52 14
52 15
52 20
52 28
52 36
52 38
52 39
52 45
52 46
52 49
52 58
52 61
52 68
52 72
52 77
52 81
52 91
52 95
52 103
52 106
52 114
52 118
52 128
53 1
53 2
53 3
53 4
53 5
53 8
53 9
53 10
53 11
53 12
53 13
53 14
53 15
53 16
53 18
53 19
53 20
53 21
53 23
53 25
53 26
53 31
53 32
53 33
53 35
53 37
53 41
53 42
53 44
53 50
53 51
53 52
53 54
53 62
53 66
53 69
53 72
53 78
53 83
53 93
53 98
53 106
53 112
53 120
53 124
54 1
54 2
54 3
54 4
54 5
54 7
54 9
54 12
54 20
54 21
54 24
54 31
54 39
54 43
54 54
54 57
54 62
54 66
54 69
54 77
54 83
54 89
54 97
54 104
54 111
54 116
54 124
55 1
55 2
55 3
55 4
55 5
55 6
55 7
55 8
55 9
55 10
55 11
55 14
55 15
55 16
55 17
55 18
55 19
55 23
55 27
55 29
55 30
55 33
55 34
55 35
55 40
55 47
55 74
55 81
55 89
55 95
55 100
55 105
55 109
55 117
55 122
56 1
56 2
56 3
56 5
56 6
56 7
56 8
56 9
56 10
56 11
56 13
56 18
56 20
56 22
56 24
56 25
56 26
56 29
56 30
56 32
56 36
56 39
56 50
56 51
56 61
56 67
56 75
56 85
56 96
56 100
56 106
56 114
56 122
57 1
57 3
57 4
57 5
57 6
57 7
57 9
57 16
57 17
57 21
57 22
57 28
57 33
57 34
57 35
57 38
57 41
57 42
57 43
57 46
57 53
57 61
57 65
57 72
57 78
57 82
57 87
57 97
57 104
57 111
57 115
57 124
57 127
58 1
58 2
58 3
58 4
58 5
58 8
58 9
58 10
58 11
58 12
58 18
58 20
58 24
58 26
58 29
58 30
58 31
58 45
58 47
58 49
58 54
58 56
58 68
58 71
58 76
58 83
58 88
58 94
58 99
58 105
58 111
58 119
59 1
59 2
59 3
59 5
59 6
59 7
59 10
59 11
59 13
59 14
59 15
59 16
59 19
59 21
59 26
59 37
59 40
59 44
59 48
59 51
59 57
59 62
59 64
59 71
59 80
59 87
59 92
59 101
59 108
59 116
59 126
60 1
60 2
60 3
60 4
60 8
60 12
60 17
60 23
60 25
60 27
60 28
60 29
60 32
60 39
60 42
60 46
60 52
60 55
60 58
60 60
60 66
60 67
60 72
60 78
60 82
60 88
60 97
60 103
60 109
60 118
60 122
61 1
61 2
61 4
61 5
61 6
61 9
61 13
61 15
61 16
61 19
61 20
61 22
61 24
61 25
61 29
61 31
61 36
61 41
61 59
61 69
61 77
61 87
61 92
61 105
61 115
61 123
62 1
62 2
62 3
62 4
62 6
62 7
62 10
62 11
62 12
62 13
62 14
62 18
62 19
62 20
62 21
62 26
62 30
62 35
62 37
62 40
62 44
62 53
62 62
62 69
62 71
62 78
62 86
62 95
62 100
62 105
62 118
62 123
63 1
63 2
63 3
63 4
63 6
63 8
63 10
63 15
63 23
63 28
63 34
63 36
63 38
63 45
63 47
63 48
63 57
63 65
63 82
63 90
63 97
63 102
63 107
63 112
63 121
64 1
64 2
64 4
64 5
64 6
64 7
64 8
64 9
64 10
64 11
64 15
64 16
64 17
64 19
64 20
64 21
64 24
64 25
64 28
64 33
64 39
64 49
64 51
64 52
64 58
64 64
64 68
64 73
64 76
64 84
64 90
64 103
64 107
64 113
64 123
65 2
65 3
65 4
65 5
65 6
65 8
65 12
65 14
65 16
65 20
65 21
65 22
65 26
65 27
65 31
65 32
65 37
65 42
65 43
65 46
65 73
65 87
65 93
65 102
65 110
65 120
66 1
66 2
66 5
66 7
66 8
66 9
66 11
66 12
66 13
66 15
66 17
66 18
66 19
66 23
66 29
66 34
66 50
66 54
66 57
66 61
66 77
66 82
66 87
66 101
66 109
66 117
66 124
67 1
67 3
67 4
67 5
67 6
67 7
67 9
67 10
67 16
67 20
67 21
67 22
67 24
67 28
67 36
67 39
67 47
67 53
67 59
67 75
67 81
67 85
67 93
67 100
67 108
67 112
67 123
68 1
68 2
68 4
68 5
68 6
68 7
68 8
68 10
68 11
68 12
68 13
68 14
68 25
68 27
68 30
68 31
68 33
68 37
68 38
68 40
68 41
68 48
68 56
68 63
68 65
68 78
68 85
68 94
68 100
68 108
68 112
68 119
69 1
69 2
69 3
69 4
69 10
69 11
69 14
69 15
69 18
69 19
69 23
69 24
69 26
69 35
69 42
69 55
69 57
69 58
69 60
69 62
69 64
69 73
69 81
69 89
69 98
69 109
69 120
70 2
70 3
70 4
70 5
70 7
70 8
70 9
70 10
70 11
70 14
70 15
70 16
70 18
70 25
70 28
70 29
70 36
70 44
70 45
70 46
70 51
70 52
70 54
70 59
70 74
70 83
70 93
70 103
70 116
70 123
71 1
71 2
71 3
71 6
71 8
71 12
71 13
71 16
71 20
71 21
71 32
71 38
71 49
71 68
71 75
71 80
71 82
71 88
71 99
71 110
71 120
72 1
72 3
72 4
72 5
72 7
72 9
72 11
72 14
72 15
72 17
72 19
72 22
72 23
72 26
72 27
72 28
72 41
72 47
72 49
72 56
72 58
72 66
72 67
72 70
72 77
72 88
72 96
72 103
72 112
73 1
73 2
73 3
73 4
73 5
73 6
73 7
73 10
73 12
73 16
73 17
73 18
73 21
73 24
73 30
73 31
73 33
73 39
73 48
73 50
73 55
73 84
73 91
73 100
73 107
73 109
73 118
73 124
74 2
74 3
74 4
74 8
74 9
74 10
74 11
74 13
74 18
74 22
74 28
74 35
74 37
74 40
74 41
74 42
74 43
74 53
74 61
74 76
74 85
74 92
74 100
74 106
74 114
74 126
75 2
75 4
75 5
75 8
75 9
75 10
75 12
75 14
75 16
75 17
75 20
75 21
75 29
75 32
75 33
75 34
75 36
75 51
75 52
75 63
75 85
75 92
75 95
75 102
75 109
75 117
75 124
76 1
76 2
76 3
76 4
76 5
76 6
76 7
76 12
76 17
76 19
76 24
76 26
76 27
76 30
76 39
76 45
76 46
76 47
76 57
76 72
76 88
76 102
76 114
76 125
77 1
77 3
77 4
77 5
77 6
77 8
77 9
77 10
77 13
77 15
77 16
77 17
77 20
77 22
77 23
77 31
77 33
77 38
77 41
77 44
77 60
77 64
77 65
77 81
77 105
77 117
78 1
78 2
78 6
78 7
78 8
78 9
78 11
78 12
78 14
78 18
78 21
78 25
78 27
78 32
78 35
78 48
78 55
78 56
78 69
78 93
78 98
78 105
78 115
78 128
79 1
79 2
79 3
79 4
79 5
79 7
79 13
79 14
79 15
79 17
79 18
79 19
79 20
79 34
79 39
79 42
79 43
79 52
79 58
79 62
79 67
79 68
79 71
79 74
79 82
79 83
79 91
79 102
79 110
79 124
80 1
80 2
80 3
80 4
80 5
80 6
80 7
80 8
80 10
80 12
80 13
80 16
80 25
80 26
80 28
80 29
80 45
80 46
80 50
80 54
80 57
80 59
80 70
80 73
80 75
80 86
80 101
80 113
80 121
80 128
81 1
81 3
81 4
81 6
81 9
81 10
81 12
81 22
81 23
81 24
81 26
81 27
81 30
81 34
81 36
81 37
81 49
81 61
81 66
81 72
81 80
81 86
81 97
81 108
81 117
81 127
82 2
82 4
82 7
82 8
82 9
82 10
82 11
82 14
82 15
82 16
82 19
82 21
82 25
82 29
82 31
82 33
82 38
82 40
82 41
82 45
82 47
82 51
82 52
82 63
82 78
82 88
82 104
82 111
82 124
83 1
83 5
83 6
83 8
83 10
83 13
83 15
83 19
83 23
83 27
83 32
83 43
83 44
83 59
83 64
83 65
83 91
83 96
83 102
83 113
83 122
83 128
84 1
84 2
84 3
84 4
84 5
84 6
84 8
84 9
84 10
84 11
84 14
84 16
84 18
84 20
84 21
84 28
84 35
84 54
84 55
84 60
84 70
84 79
84 90
84 97
84 106
84 113
84 124
85 1
85 2
85 4
85 5
85 7
85 8
85 12
85 13
85 14
85 20
85 23
85 25
85 26
85 31
85 34
85 37
85 48
85 56
85 61
85 75
85 76
85 84
85 93
85 105
85 118
86 1
86 2
86 4
86 6
86 7
86 8
86 10
86 11
86 17
86 19
86 20
86 23
86 30
86 33
86 39
86 40
86 46
86 47
86 49
86 52
86 53
86 58
86 62
86 101
86 109
86 120
87 1
87 2
87 3
87 4
87 5
87 15
87 21
87 26
87 28
87 29
87 35
87 41
87 42
87 57
87 66
87 69
87 77
87 100
87 106
87 120
88 1
88 2
88 4
88 5
88 7
88 8
88 12
88 14
88 16
88 19
88 20
88 22
88 23
88 27
88 36
88 39
88 41
88 43
88 45
88 65
88 67
88 68
88 73
88 81
88 92
88 94
88 95
88 105
88 115
89 1
89 2
89 4
89 5
89 6
89 9
89 10
89 11
89 13
89 15
89 18
89 20
89 21
89 24
89 32
89 38
89 44
89 51
89 63
89 71
89 74
89 82
89 109
89 123
90 1
90 2
90 3
90 4
90 8
90 11
90 12
90 14
90 17
90 25
90 28
90 31
90 34
90 35
90 48
90 53
90 54
90 61
90 69
90 76
90 78
90 80
90 83
90 88
90 101
90 110
90 125
91 1
91 2
91 4
91 6
91 7
91 9
91 10
91 11
91 13
91 15
91 22
91 27
91 29
91 37
91 40
91 43
91 50
91 59
91 64
91 84
91 109
91 119
91 122
92 1
92 2
92 3
92 4
92 5
92 6
92 12
92 14
92 16
92 18
92 22
92 23
92 24
92 25
92 30
92 34
92 46
92 47
92 52
92 55
92 57
92 60
92 63
92 70
92 77
92 79
92 96
92 114
92 124
93 1
93 3
93 4
93 7
93 8
93 11
93 13
93 17
93 19
93 20
93 32
93 36
93 39
93 44
93 51
93 54
93 56
93 72
93 85
93 87
93 94
93 106
93 114
93 126
94 1
94 2
94 5
94 10
94 12
94 13
94 14
94 21
94 26
94 28
94 33
94 38
94 48
94 49
94 53
94 61
94 66
94 81
94 86
94 105
94 115
94 118
94 123
95 1
95 3
95 4
95 5
95 6
95 7
95 8
95 9
95 15
95 17
95 20
95 27
95 31
95 35
95 41
95 45
95 63
95 65
95 68
95 70
95 75
95 92
95 112
95 119
95 127
96 1
96 2
96 3
96 4
96 5
96 6
96 8
96 12
96 13
96 18
96 20
96 25
96 29
96 32
96 37
96 42
96 43
96 58
96 62
96 71
96 89
96 90
96 104
96 119
97 1
97 2
97 3
97 4
97 5
97 7
97 8
97 11
97 14
97 16
97 17
97 19
97 21
97 22
97 28
97 30
97 57
97 63
97 79
97 83
97 109
97 119
98 1
98 2
98 3
98 4
98 5
98 6
98 7
98 8
98 10
98 11
98 12
98 15
98 16
98 24
98 29
98 33
98 34
98 35
98 36
98 37
98 46
98 49
98 50
98 56
98 67
98 74
98 103
98 114
99 1
99 2
99 3
99 5
99 6
99 7
99 8
99 9
99 13
99 17
99 18
99 19
99 22
99 25
99 26
99 40
99 41
99 43
99 44
99 51
99 64
99 70
99 72
99 78
99 81
99 96
99 102
99 112
99 120
100 1
100 2
100 3
100 4
100 5
100 6
100 8
100 9
100 12
100 14
100 16
100 20
100 21
100 23
100 27
100 38
100 47
100 54
100 61
100 66
100 93
100 108
100 115
100 128
101 2
101 3
101 6
101 7
101 8
101 10
101 12
101 13
101 14
101 15
101 19
101 28
101 31
101 39
101 42
101 52
101 53
101 60
101 73
101 77
101 82
101 84
101 86
101 94
101 97
101 115
102 1
102 2
102 3
102 4
102 7
102 11
102 16
102 20
102 22
102 24
102 30
102 32
102 34
102 40
102 45
102 69
102 75
102 85
102 98
102 106
102 110
102 116
102 124
103 1
103 2
103 5
103 6
103 9
103 10
103 11
103 13
103 17
103 29
103 41
103 48
103 51
103 55
103 59
103 76
103 83
103 89
103 91
103 100
103 111
103 121
104 1
104 2
104 3
104 4
104 5
104 6
104 7
104 8
104 11
104 15
104 16
104 18
104 22
104 23
104 26
104 28
104 29
104 34
104 43
104 44
104 49
104 57
104 63
104 65
104 88
104 113
104 123
105 1
105 2
105 3
105 4
105 5
105 7
105 9
105 14
105 17
105 20
105 24
105 33
105 58
105 70
105 71
105 90
105 95
105 104
105 121
106 1
106 2
106 3
106 4
106 6
106 10
106 12
106 13
106 15
106 21
106 25
106 26
106 30
106 31
106 35
106 36
106 37
106 38
106 62
106 66
106 74
106 78
106 101
106 114
107 1
107 2
107 3
107 4
107 5
107 6
107 7
107 9
107 11
107 18
107 21
107 23
107 24
107 28
107 32
107 39
107 40
107 41
107 46
107 48
107 56
107 80
107 81
107 87
107 99
108 1
108 2
108 3
108 4
108 5
108 8
108 13
108 14
108 15
108 16
108 17
108 19
108 23
108 27
108 34
108 45
108 49
108 52
108 55
108 57
108 67
108 68
108 79
108 84
108 92
108 102
108 115
108 122
108 125
109 1
109 2
109 5
109 6
109 7
109 12
109 15
109 22
109 24
109 33
109 43
109 47
109 54
109 60
109 61
109 62
109 64
109 72
109 96
109 119
110 1
110 2
110 3
110 6
110 8
110 9
110 11
110 16
110 17
110 18
110 21
110 29
110 45
110 50
110 53
110 59
110 65
110 81
110 91
110 100
110 106
110 108
110 118
110 124
111 2
111 3
111 4
111 5
111 6
111 7
111 8
111 10
111 11
111 13
111 19
111 20
111 23
111 26
111 28
111 35
111 38
111 42
111 44
111 69
111 97
111 110
111 120
112 1
112 3
112 4
112 6
112 9
112 11
112 12
112 19
112 25
112 30
112 36
112 39
112 43
112 51
112 70
112 83
112 85
112 86
112 88
112 103
112 112
113 1
113 2
113 4
113 6
113 11
113 24
113 32
113 33
113 48
113 57
113 61
113 71
113 75
113 77
113 78
113 105
114 1
114 3
114 5
114 9
114 10
114 12
114 13
114 14
114 15
114 16
114 17
114 18
114 27
114 30
114 31
114 41
114 49
114 55
114 56
114 58
114 63
114 80
114 82
114 89
114 90
114 101
114 123
115 1
115 2
115 3
115 4
115 7
115 8
115 10
115 11
115 20
115 21
115 22
115 33
115 37
115 40
115 66
115 72
115 73
115 93
115 94
115 121
115 128
116 1
116 2
116 3
116 4
116 5
116 9
116 10
116 11
116 12
116 13
116 15
116 19
116 21
116 23
116 25
116 42
116 46
116 52
116 54
116 60
116 76
116 92
117 1
117 3
117 4
117 9
117 12
117 15
117 29
117 34
117 35
117 37
117 39
117 47
117 53
117 64
117 68
117 74
117 87
117 91
117 95
117 107
117 113
117 116
117 123
117 124
118 1
118 2
118 3
118 4
118 5
118 6
118 7
118 8
118 12
118 17
118 19
118 22
118 23
118 27
118 29
118 32
118 33
118 44
118 50
118 62
118 70
118 82
118 98
118 104
119 1
119 2
119 3
119 4
119 9
119 11
119 14
119 16
119 20
119 21
119 26
119 28
119 30
119 31
119 37
119 38
119 43
119 45
119 49
119 61
119 79
119 114
119 122
120 1
120 2
120 3
120 4
120 5
120 6
120 7
120 8
120 9
120 10
120 12
120 17
120 27
120 35
120 36
120 48
120 51
120 59
120 65
120 85
120 86
120 100
121 1
121 3
121 4
121 5
121 6
121 7
121 11
121 13
121 14
121 15
121 16
121 18
121 21
121 22
121 24
121 25
121 38
121 46
121 52
121 55
121 57
121 58
121 67
121 69
121 72
121 76
121 81
121 96
121 109
122 2
122 3
122 5
122 6
122 7
122 9
122 10
122 12
122 20
122 31
122 39
122 40
122 44
122 54
122 56
122 60
122 64
122 74
122 80
122 108
123 1
123 2
123 3
123 4
123 5
123 7
123 8
123 9
123 12
123 14
123 17
123 19
123 22
123 29
123 37
123 42
123 47
123 71
123 73
123 75
123 82
123 83
123 99
123 103
123 111
124 1
124 2
124 6
124 8
124 11
124 12
124 13
124 15
124 18
124 21
124 26
124 27
124 34
124 43
124 50
124 53
124 78
124 84
124 86
124 88
124 89
124 101
124 106
124 110
124 112
124 115
125 3
125 5
125 7
125 8
125 9
125 12
125 13
125 16
125 17
125 18
125 22
125 24
125 28
125 32
125 36
125 41
125 45
125 48
125 62
125 63
125 66
125 77
125 90
125 94
125 97
125 98
126 1
126 2
126 3
126 4
126 7
126 8
126 9
126 11
126 12
126 15
126 30
126 33
126 34
126 39
126 64
126 70
126 117
126 119
126 126
127 1
127 2
127 4
127 5
127 8
127 10
127 13
127 14
127 16
127 25
127 37
127 49
127 60
127 61
127 68
127 71
127 93
127 102
128 1
128 3
128 6
128 7
128 8
128 10
128 11
128 12
128 15
128 21
128 22
128 23
128 26
128 29
128 31
128 35
128 38
128 46
128 47
128 51
128 54
128 75
128 87
128 108
128 116
128 124
