1 1
1 2
1 3
1 4
1 5
1 6
1 7
1 8
1 9
1 10
1 11
1 12
1 13
1 14
1 15
1 16
1 17
1 18
1 19
1 20
1 21
1 22
1 23
1 24
1 25
1 26
1 27
1 28
1 29
1 30
1 31
1 32
1 33
1 34
1 35
1 36
1 37
1 38
1 39
1 40
1 41
1 42
1 43
1 44
1 45
1 46
1 47
1 48
1 49
1 50
1 51
1 52
1 53
1 54
1 55
1 56
1 57
1 58
1 59
1 60
1 61
1 62
1 63
1 64
1 65
1 66
1 67
1 68
1 69
1 70
1 71
1 72
1 73
1 74
1 75
1 76
1 77
1 78
1 79
1 80
1 81
1 82
1 83
1 84
1 85
1 86
1 87
1 88
1 89
1 90
1 91
1 92
1 93
1 94
1 95
1 96
1 97
1 98
1 99
1 100
1 101
1 102
1 103
1 104
1 105
1 106
1 107
1 108
1 109
1 110
1 111
1 112
1 113
1 114
1 115
1 116
1 117
1 118
1 119
1 120
1 121
1 122
1 123
1 124
1 125
1 126
1 127
1 128
2 1
2 2
2 3
2 4
2 5
2 6
2 7
2 8
2 9
2 10
2 11
2 12
2 13
2 14
2 15
2 16
2 17
2 18
2 19
2 20
2 21
2 22
2 23
2 24
2 25
2 26
2 27
2 28
2 29
2 30
2 31
2 32
2 33
2 34
2 35
2 36
2 37
2 38
2 39
2 40
2 41
2 42
2 43
2 45
2 46
2 47
2 48
2 49
2 50
2 51
2 52
2 53
2 54
2 55
2 56
2 57
2 58
2 59
2 60
2 61
2 62
2 63
2 64
2 65
2 66
2 67
2 68
2 69
2 70
2 71
2 72
2 73
2 74
2 76
2 78
2 79
2 80
2 82
2 83
2 84
2 85
2 86
2 87
2 88
2 89
2 90
2 91
2 92
2 93
2 94
2 95
2 96
2 97
2 98
2 99
2 100
2 101
2 102
2 103
2 104
2 105
2 107
2 108
2 110
2 111
2 112
2 113
2 114
2 115
2 116
2 117
2 118
2 119
2 120
2 121
2 122
2 123
2 126
2 127
2 128
3 1
3 2
3 3
3 4
3 5
3 6
3 7
3 8
3 9
3 10
3 11
3 12
3 13
3 14
3 15
3 16
3 17
3 18
3 19
3 20
3 21
3 22
3 23
3 24
3 25
3 26
3 27
3 28
3 29
3 30
3 31
3 32
3 33
3 34
3 35
3 36
3 37
3 38
3 39
3 40
3 41
3 43
3 44
3 45
3 46
3 47
3 48
3 49
3 50
3 51
3 52
3 53
3 54
3 55
3 56
3 57
3 58
3 59
3 60
3 61
3 62
3 63
3 64
3 65
3 66
3 67
3 68
3 69
3 70
3 71
3 72
3 73
3 74
3 75
3 76
3 77
3 78
3 80
3 83
3 84
3 85
3 86
3 87
3 88
3 89
3 90
3 91
3 92
3 93
3 94
3 95
3 96
3 97
3 99
3 100
3 101
3 102
3 103
3 104
3 105
3 106
3 107
3 108
3 109
3 110
3 111
3 112
3 113
3 114
3 115
3 116
3 117
3 118
3 119
3 120
3 121
3 122
3 124
3 125
3 126
3 127
3 128
4 1
4 2
4 3
4 4
4 5
4 6
4 7
4 8
4 9
4 10
4 11
4 12
4 13
4 14
4 15
4 16
4 18
4 19
4 20
4 21
4 22
4 23
4 24
4 25
4 26
4 27
4 28
4 29
4 30
4 31
4 32
4 33
4 34
4 35
4 36
4 37
4 39
4 40
4 41
4 42
4 43
4 44
4 45
4 46
4 47
4 48
4 49
4 50
4 51
4 52
4 53
4 54
4 55
4 56
4 57
4 58
4 59
4 60
4 61
4 62
4 63
4 64
4 65
4 66
4 67
4 68
4 69
4 70
4 71
4 72
4 73
4 74
4 75
4 76
4 77
4 78
4 80
4 81
4 82
4 83
4 84
4 85
4 86
4 87
4 89
4 90
4 92
4 93
4 94
4 95
4 96
4 97
4 99
4 100
4 102
4 103
4 104
4 105
4 106
4 107
4 109
4 110
4 111
4 112
4 113
4 114
4 117
4 118
4 119
4 120
4 121
4 122
4 126
4 127
4 128
5 1
5 2
5 3
5 4
5 5
5 6
5 7
5 8
5 9
5 10
5 11
5 12
5 14
5 15
5 16
5 17
5 18
5 19
5 20
5 21
5 22
5 23
5 24
5 25
5 26
5 27
5 28
5 29
5 30
5 31
5 32
5 33
5 34
5 35
5 36
5 37
5 38
5 39
5 40
5 41
5 42
5 43
5 46
5 47
5 48
5 49
5 50
5 51
5 52
5 53
5 54
5 55
5 56
5 57
5 59
5 61
5 62
5 64
5 65
5 66
5 67
5 68
5 69
5 70
5 71
5 72
5 73
5 74
5 75
5 76
5 77
5 78
5 79
5 80
5 81
5 82
5 84
5 85
5 86
5 87
5 88
5 89
5 90
5 91
5 92
5 93
5 94
5 96
5 97
5 98
5 99
5 100
5 101
5 102
5 103
5 104
5 105
5 106
5 108
5 110
5 111
5 113
5 114
5 115
5 116
5 117
5 119
5 120
5 122
5 123
5 124
5 125
5 126
5 127
5 128
6 1
6 2
6 3
6 4
6 5
6 6
6 7
6 8
6 9
6 10
6 11
6 12
6 13
6 14
6 15
6 16
6 17
6 18
6 19
6 20
6 21
6 22
6 23
6 24
6 25
6 26
6 27
6 28
6 29
6 30
6 31
6 32
6 33
6 35
6 36
6 37
6 39
6 41
6 42
6 43
6 44
6 46
6 47
6 48
6 49
6 50
6 51
6 53
6 54
6 55
6 56
6 57
6 58
6 59
6 61
6 62
6 63
6 64
6 65
6 68
6 69
6 70
6 72
6 73
6 74
6 75
6 76
6 78
6 79
6 81
6 82
6 83
6 85
6 86
6 87
6 88
6 89
6 91
6 94
6 97
6 98
6 99
6 101
6 102
6 103
6 105
6 106
6 107
6 108
6 109
6 110
6 111
6 113
6 115
6 117
6 118
6 119
6 120
6 121
6 122
6 123
6 125
6 127
7 1
7 2
7 3
7 4
7 5
7 6
7 7
7 8
7 9
7 10
7 11
7 12
7 13
7 14
7 15
7 16
7 17
7 18
7 19
7 20
7 21
7 22
7 23
7 24
7 25
7 26
7 27
7 28
7 29
7 30
7 31
7 32
7 33
7 34
7 35
7 36
7 37
7 38
7 39
7 40
7 41
7 42
7 43
7 44
7 47
7 48
7 49
7 50
7 51
7 52
7 54
7 55
7 56
7 57
7 58
7 59
7 60
7 62
7 63
7 64
7 65
7 66
7 67
7 69
7 70
7 71
7 72
7 73
7 74
7 76
7 77
7 78
7 79
7 80
7 81
7 83
7 84
7 85
7 88
7 91
7 92
7 94
7 95
7 97
7 99
7 100
7 101
7 102
7 105
7 109
7 110
7 111
7 112
7 114
7 116
7 117
7 120
7 121
7 122
7 123
7 125
7 127
8 1
8 2
8 3
8 4
8 5
8 6
8 7
8 8
8 9
8 10
8 11
8 12
8 13
8 14
8 15
8 16
8 17
8 18
8 19
8 20
8 21
8 24
8 25
8 26
8 27
8 28
8 29
8 31
8 32
8 33
8 34
8 35
8 36
8 37
8 38
8 39
8 40
8 41
8 42
8 43
8 44
8 45
8 46
8 47
8 48
8 49
8 50
8 51
8 52
8 53
8 54
8 56
8 57
8 58
8 60
8 61
8 64
8 66
8 68
8 69
8 71
8 72
8 73
8 74
8 76
8 78
8 79
8 80
8 81
8 84
8 85
8 87
8 88
8 89
8 90
8 91
8 92
8 93
8 94
8 97
8 99
8 100
8 101
8 103
8 104
8 106
8 107
8 109
8 110
8 111
8 115
8 117
8 118
8 120
8 122
8 125
8 127
8 128
9 1
9 2
9 3
9 4
9 5
9 6
9 7
9 8
9 9
9 10
9 11
9 12
9 13
9 14
9 15
9 16
9 17
9 18
9 19
9 20
9 22
9 23
9 24
9 25
9 26
9 27
9 28
9 29
9 31
9 32
9 33
9 34
9 35
9 36
9 37
9 38
9 39
9 40
9 41
9 42
9 43
9 44
9 45
9 46
9 47
9 48
9 49
9 50
9 51
9 52
9 53
9 54
9 56
9 57
9 60
9 61
9 65
9 66
9 67
9 68
9 69
9 70
9 71
9 72
9 73
9 74
9 75
9 76
9 77
9 78
9 79
9 80
9 81
9 83
9 84
9 85
9 86
9 87
9 88
9 89
9 91
9 92
9 93
9 95
9 96
9 97
9 98
9 99
9 100
9 101
9 103
9 106
9 107
9 108
9 112
9 114
9 116
9 117
9 122
9 123
9 124
9 125
10 1
10 2
10 3
10 4
10 5
10 6
10 7
10 8
10 9
10 10
10 11
10 12
10 13
10 14
10 15
10 16
10 17
10 18
10 19
10 20
10 21
10 22
10 23
10 24
10 25
10 26
10 27
10 28
10 29
10 30
10 31
10 32
10 33
10 34
10 35
10 36
10 37
10 38
10 39
10 40
10 42
10 43
10 45
10 46
10 47
10 48
10 50
10 51
10 52
10 55
10 56
10 57
10 58
10 59
10 61
10 63
10 64
10 67
10 68
10 71
10 73
10 74
10 75
10 76
10 79
10 80
10 81
10 82
10 83
10 85
10 86
10 88
10 90
10 91
10 94
10 97
10 98
10 99
10 100
10 103
10 104
10 108
10 109
10 111
10 112
10 114
10 115
10 118
10 123
10 125
10 126
11 1
11 2
11 3
11 4
11 5
11 6
11 7
11 8
11 9
11 10
11 11
11 12
11 14
11 15
11 16
11 17
11 18
11 19
11 21
11 22
11 24
11 25
11 26
11 27
11 28
11 29
11 31
11 32
11 34
11 35
11 36
11 37
11 38
11 39
11 42
11 44
11 45
11 46
11 47
11 49
11 52
11 53
11 54
11 55
11 56
11 58
11 59
11 60
11 61
11 62
11 63
11 64
11 65
11 69
11 71
11 73
11 74
11 75
11 76
11 77
11 78
11 79
11 81
11 82
11 83
11 84
11 85
11 87
11 91
11 93
11 94
11 95
11 97
11 98
11 99
11 100
11 101
11 103
11 104
11 105
11 111
11 112
11 114
11 117
11 118
11 120
11 121
11 126
11 127
11 128
12 1
12 2
12 3
12 4
12 5
12 6
12 8
12 9
12 10
12 11
12 13
12 15
12 16
12 17
12 18
12 19
12 21
12 22
12 23
12 24
12 25
12 26
12 27
12 28
12 29
12 30
12 31
12 33
12 34
12 35
12 36
12 38
12 39
12 40
12 41
12 42
12 43
12 44
12 45
12 46
12 47
12 48
12 49
12 50
12 51
12 52
12 53
12 54
12 55
12 57
12 58
12 60
12 61
12 63
12 65
12 66
12 69
12 70
12 72
12 73
12 74
12 77
12 78
12 80
12 83
12 84
12 86
12 89
12 90
12 93
12 95
12 96
12 99
12 100
12 101
12 102
12 103
12 104
12 106
12 113
12 116
12 118
12 119
12 120
12 125
12 127
12 128
13 1
13 2
13 3
13 4
13 5
13 6
13 7
13 8
13 9
13 10
13 11
13 12
13 13
13 14
13 15
13 17
13 18
13 19
13 20
13 21
13 22
13 23
13 24
13 25
13 26
13 27
13 29
13 30
13 31
13 32
13 35
13 36
13 37
13 39
13 40
13 41
13 42
13 43
13 44
13 45
13 46
13 48
13 49
13 50
13 52
13 53
13 54
13 58
13 63
13 64
13 65
13 68
13 70
13 71
13 73
13 76
13 77
13 78
13 80
13 84
13 86
13 87
13 90
13 92
13 93
13 94
13 99
13 100
13 101
13 102
13 105
13 107
13 109
13 110
13 112
13 113
13 116
13 117
13 119
13 121
13 127
14 1
14 2
14 3
14 4
14 5
14 6
14 7
14 9
14 10
14 11
14 12
14 13
14 15
14 16
14 17
14 18
14 19
14 20
14 22
14 23
14 24
14 25
14 26
14 27
14 28
14 29
14 30
14 31
14 32
14 33
14 34
14 35
14 36
14 38
14 39
14 41
14 42
14 43
14 44
14 46
14 47
14 48
14 49
14 52
14 56
14 58
14 59
14 60
14 61
14 62
14 63
14 64
14 67
14 68
14 69
14 71
14 73
14 74
14 79
14 82
14 83
14 86
14 88
14 92
14 93
14 96
14 97
14 98
14 99
14 102
14 106
14 107
14 108
14 112
14 113
14 114
14 116
14 117
15 1
15 2
15 3
15 4
15 5
15 6
15 7
15 8
15 9
15 10
15 11
15 12
15 13
15 14
15 15
15 16
15 17
15 18
15 19
15 20
15 21
15 22
15 23
15 25
15 26
15 27
15 29
15 30
15 31
15 32
15 33
15 34
15 36
15 37
15 42
15 43
15 45
15 46
15 48
15 49
15 50
15 52
15 53
15 54
15 56
15 57
15 58
15 59
15 60
15 62
15 63
15 64
15 65
15 66
15 72
15 73
15 76
15 78
15 80
15 84
15 85
15 88
15 91
15 94
15 96
15 97
15 99
15 101
15 103
15 105
15 106
15 109
15 111
15 112
15 122
15 125
15 128
16 1
16 2
16 3
16 4
16 5
16 6
16 7
16 8
16 9
16 10
16 11
16 12
16 13
16 14
16 15
16 16
16 17
16 18
16 19
16 20
16 21
16 22
16 23
16 24
16 25
16 28
16 29
16 30
16 31
16 32
16 35
16 36
16 37
16 38
16 39
16 40
16 41
16 42
16 43
16 44
16 46
16 48
16 49
16 52
16 53
16 54
16 55
16 56
16 58
16 59
16 60
16 61
16 63
16 66
16 69
16 73
16 74
16 78
16 80
16 83
16 84
16 87
16 97
16 105
16 113
16 118
16 124
16 126
16 128
17 1
17 2
17 3
17 4
17 5
17 6
17 7
17 8
17 9
17 10
17 11
17 12
17 13
17 14
17 15
17 16
17 17
17 19
17 20
17 21
17 22
17 23
17 24
17 27
17 28
17 29
17 30
17 32
17 35
17 37
17 38
17 40
17 43
17 45
17 46
17 49
17 50
17 53
17 56
17 57
17 59
17 60
17 61
17 62
17 63
17 64
17 66
17 67
17 70
17 74
17 76
17 79
17 82
17 83
17 85
17 88
17 89
17 90
17 92
17 93
17 95
17 97
17 107
17 128
18 1
18 2
18 3
18 4
18 5
18 6
18 7
18 8
18 9
18 10
18 11
18 12
18 13
18 14
18 16
18 17
18 18
18 20
18 21
18 22
18 24
18 26
18 28
18 29
18 30
18 31
18 34
18 35
18 36
18 38
18 39
18 40
18 41
18 42
18 43
18 44
18 46
18 47
18 48
18 51
18 53
18 54
18 55
18 58
18 59
18 61
18 62
18 65
18 66
18 67
18 70
18 73
18 74
18 79
18 91
18 109
19 1
19 2
19 3
19 4
19 5
19 6
19 7
19 8
19 9
19 10
19 11
19 12
19 13
19 14
19 15
19 16
19 17
19 18
19 19
19 20
19 23
19 24
19 25
19 26
19 27
19 28
19 29
19 30
19 31
19 35
19 36
19 37
19 39
19 40
19 42
19 43
19 46
19 47
19 53
19 54
19 55
19 56
19 57
19 58
19 59
19 63
19 66
19 68
19 75
19 77
19 79
19 82
19 83
19 84
19 85
19 86
19 91
19 92
19 100
20 1
20 2
20 3
20 4
20 5
20 6
20 7
20 8
20 9
20 10
20 11
20 12
20 13
20 14
20 15
20 17
20 18
20 19
20 20
20 21
20 23
20 24
20 25
20 26
20 27
20 28
20 30
20 32
20 33
20 34
20 35
20 36
20 37
20 38
20 39
20 40
20 43
20 44
20 45
20 49
20 51
20 53
20 54
20 55
20 57
20 59
20 61
20 62
20 64
20 70
20 71
20 72
20 73
20 74
20 75
20 76
20 79
20 83
20 84
20 85
20 87
20 90
20 95
20 96
20 101
21 1
21 2
21 3
21 4
21 5
21 6
21 7
21 8
21 9
21 11
21 12
21 13
21 14
21 15
21 16
21 17
21 18
21 19
21 20
21 21
21 22
21 23
21 24
21 25
21 28
21 29
21 30
21 34
21 35
21 36
21 38
21 40
21 41
21 43
21 44
21 52
21 53
21 54
21 55
21 56
21 61
21 64
21 66
21 69
21 72
21 76
21 77
21 81
21 83
21 85
21 86
21 87
21 91
21 94
22 1
22 2
22 3
22 4
22 5
22 6
22 7
22 8
22 9
22 10
22 11
22 12
22 14
22 15
22 16
22 19
22 20
22 22
22 23
22 24
22 26
22 27
22 29
22 30
22 31
22 32
22 35
22 36
22 39
22 42
22 43
22 45
22 46
22 47
22 49
22 51
22 53
22 54
22 57
22 62
22 63
22 67
22 68
22 71
22 73
22 75
22 78
22 79
22 80
22 85
22 86
22 89
22 101
23 1
23 2
23 3
23 4
23 5
23 6
23 8
23 9
23 10
23 11
23 12
23 13
23 14
23 15
23 16
23 17
23 18
23 19
23 20
23 21
23 22
23 24
23 25
23 26
23 27
23 29
23 30
23 31
23 32
23 33
23 36
23 38
23 41
23 42
23 43
23 44
23 46
23 47
23 49
23 51
23 52
23 53
23 54
23 55
23 58
23 59
23 60
23 61
23 64
23 65
23 66
23 67
23 69
23 71
23 72
23 74
23 77
23 78
23 84
23 87
23 88
23 90
24 1
24 2
24 3
24 4
24 5
24 6
24 7
24 8
24 9
24 10
24 11
24 12
24 13
24 14
24 15
24 16
24 17
24 19
24 20
24 22
24 24
24 27
24 28
24 29
24 30
24 32
24 33
24 34
24 35
24 40
24 42
24 47
24 50
24 51
24 53
24 56
24 57
24 62
24 64
24 67
24 70
24 71
24 76
24 81
24 82
24 86
24 95
25 1
25 2
25 3
25 4
25 5
25 6
25 7
25 8
25 9
25 11
25 12
25 13
25 14
25 15
25 17
25 18
25 20
25 21
25 22
25 23
25 24
25 25
25 28
25 29
25 30
25 32
25 33
25 34
25 35
25 36
25 38
25 39
25 40
25 42
25 44
25 45
25 46
25 47
25 49
25 50
25 52
25 53
25 59
25 61
25 62
25 63
25 68
25 70
25 71
25 72
25 74
25 92
26 1
26 2
26 3
26 4
26 5
26 6
26 7
26 9
26 11
26 12
26 13
26 14
26 15
26 17
26 18
26 21
26 24
26 25
26 26
26 27
26 28
26 30
26 32
26 33
26 34
26 35
26 40
26 44
26 45
26 47
26 49
26 51
26 52
26 56
26 57
26 58
26 60
26 62
26 63
26 64
26 65
26 69
26 73
26 77
27 1
27 2
27 4
27 6
27 7
27 8
27 10
27 11
27 12
27 13
27 14
27 15
27 16
27 17
27 18
27 23
27 24
27 27
27 30
27 31
27 33
27 34
27 35
27 36
27 39
27 40
27 41
27 42
27 43
27 46
27 49
27 50
27 51
27 56
27 59
27 60
27 62
27 63
27 66
27 68
27 75
27 78
28 1
28 2
28 3
28 4
28 5
28 6
28 7
28 8
28 9
28 10
28 12
28 13
28 14
28 15
28 16
28 17
28 18
28 19
28 21
28 22
28 23
28 25
28 26
28 28
28 29
28 30
28 31
28 33
28 34
28 35
28 36
28 40
28 41
28 42
28 44
28 47
28 48
28 49
28 52
28 54
28 57
28 60
28 64
28 66
28 69
28 70
28 79
29 1
29 2
29 3
29 4
29 5
29 6
29 7
29 8
29 9
29 10
29 11
29 12
29 13
29 15
29 16
29 18
29 20
29 21
29 23
29 24
29 25
29 26
29 27
29 28
29 29
29 30
29 31
29 34
29 36
29 37
29 38
29 39
29 40
29 41
29 42
29 43
29 44
29 46
29 51
29 55
29 58
29 59
29 60
29 62
30 1
30 2
30 3
30 4
30 5
30 6
30 7
30 8
30 9
30 10
30 11
30 12
30 15
30 17
30 18
30 19
30 22
30 23
30 26
30 27
30 28
30 33
30 34
30 35
30 36
30 39
30 40
30 42
30 43
30 45
30 46
30 48
30 50
30 52
30 54
30 58
30 63
30 71
30 78
31 1
31 2
31 3
31 4
31 7
31 8
31 9
31 10
31 11
31 12
31 13
31 14
31 16
31 17
31 18
31 19
31 20
31 22
31 24
31 25
31 26
31 27
31 28
31 29
31 30
31 31
31 34
31 35
31 36
31 38
31 44
31 45
31 46
31 48
31 53
31 54
31 55
31 56
31 57
32 1
32 2
32 3
32 4
32 5
32 6
32 7
32 8
32 9
32 10
32 11
32 12
32 13
32 14
32 15
32 16
32 17
32 18
32 21
32 22
32 23
32 24
32 25
32 27
32 28
32 30
32 31
32 35
32 36
32 42
32 43
32 48
32 55
32 57
32 59
32 60
32 65
33 1
33 2
33 3
33 4
33 5
33 6
33 7
33 8
33 10
33 12
33 13
33 14
33 15
33 16
33 17
33 18
33 19
33 20
33 21
33 22
33 23
33 24
33 25
33 26
33 27
33 28
33 29
33 31
33 32
33 34
33 35
33 37
33 38
33 39
33 40
33 45
33 46
33 47
33 49
33 52
33 53
33 55
33 58
33 59
33 65
34 1
34 2
34 3
34 4
34 6
34 7
34 8
34 10
34 11
34 12
34 13
34 14
34 15
34 17
34 19
34 20
34 21
34 23
34 25
34 27
34 29
34 32
34 33
34 34
34 36
34 40
34 42
34 43
34 44
34 46
34 47
34 52
34 53
34 63
35 1
35 2
35 3
35 4
35 5
35 6
35 7
35 8
35 9
35 10
35 11
35 13
35 14
35 15
35 17
35 18
35 19
35 20
35 21
35 22
35 23
35 24
35 29
35 30
35 31
35 32
35 33
35 35
35 37
35 41
35 42
35 43
35 44
35 45
35 48
35 59
35 60
36 1
36 2
36 3
36 4
36 5
36 6
36 7
36 8
36 9
36 10
36 11
36 12
36 13
36 15
36 16
36 17
36 19
36 20
36 21
36 22
36 23
36 24
36 25
36 27
36 28
36 29
36 33
36 34
36 37
36 38
36 39
36 45
36 47
36 48
36 51
36 53
36 56
37 1
37 2
37 3
37 4
37 5
37 6
37 7
37 8
37 9
37 10
37 11
37 12
37 13
37 17
37 19
37 21
37 24
37 25
37 27
37 29
37 30
37 32
37 36
37 40
37 43
37 48
38 1
38 2
38 3
38 4
38 5
38 6
38 7
38 8
38 9
38 10
38 11
38 13
38 14
38 15
38 16
38 18
38 19
38 22
38 25
38 26
38 27
38 29
38 32
38 36
38 44
38 53
39 1
39 2
39 3
39 4
39 5
39 6
39 7
39 8
39 9
39 10
39 11
39 12
39 13
39 16
39 17
39 21
39 24
39 25
39 26
39 27
39 28
39 31
39 32
39 33
39 36
39 39
39 43
39 48
40 1
40 2
40 3
40 4
40 5
40 7
40 8
40 9
40 10
40 11
40 13
40 14
40 15
40 17
40 21
40 24
40 25
40 26
40 28
40 29
40 30
40 33
40 34
40 37
40 39
40 42
40 43
40 44
40 45
40 46
40 49
41 1
41 2
41 3
41 4
41 5
41 6
41 7
41 8
41 9
41 10
41 11
41 12
41 13
41 14
41 15
41 17
41 19
41 21
41 23
41 27
41 28
41 30
41 31
41 36
41 39
41 44
41 52
42 1
42 2
42 3
42 4
42 5
42 6
42 7
42 10
42 11
42 16
42 18
42 19
42 21
42 22
42 23
42 26
42 28
42 29
42 30
42 31
42 32
42 33
42 34
42 35
42 36
42 39
42 42
42 43
42 44
42 48
42 49
42 52
43 1
43 2
43 3
43 4
43 5
43 6
43 7
43 8
43 9
43 10
43 11
43 12
43 13
43 14
43 16
43 17
43 21
43 24
43 26
43 27
43 31
43 33
43 35
43 40
44 1
44 3
44 4
44 5
44 6
44 7
44 8
44 9
44 11
44 12
44 13
44 14
44 15
44 16
44 21
44 22
44 23
44 25
44 29
44 37
44 38
44 47
45 1
45 2
45 3
45 4
45 7
45 8
45 9
45 10
45 11
45 12
45 14
45 16
45 17
45 18
45 21
45 23
45 25
45 27
45 28
45 30
45 31
45 39
45 40
45 43
45 47
45 48
45 52
46 1
46 2
46 3
46 5
46 6
46 8
46 9
46 10
46 11
46 12
46 13
46 14
46 15
46 16
46 17
46 18
46 19
46 21
46 23
46 28
46 29
46 32
46 35
46 37
46 39
47 1
47 2
47 3
47 4
47 5
47 6
47 7
47 9
47 10
47 11
47 12
47 17
47 18
47 19
47 20
47 23
47 25
47 26
47 27
47 30
47 35
47 37
48 1
48 2
48 3
48 4
48 5
48 6
48 7
48 8
48 9
48 11
48 13
48 14
48 17
48 18
48 21
48 22
48 24
48 25
48 29
48 30
48 31
48 35
48 39
49 1
49 2
49 3
49 4
49 5
49 7
49 8
49 9
49 10
49 11
49 12
49 13
49 15
49 17
49 18
49 19
49 20
49 22
49 23
49 24
49 25
49 26
49 30
49 32
49 33
49 37
49 42
49 46
50 1
50 2
50 3
50 4
50 5
50 6
50 8
50 9
50 10
50 11
50 12
50 13
50 15
50 16
50 17
50 18
50 19
50 20
50 21
50 22
50 23
50 27
50 28
50 29
50 30
50 35
50 36
50 40
50 44
51 1
51 2
51 3
51 4
51 6
51 7
51 8
51 9
51 10
51 11
51 13
51 16
51 19
51 20
51 22
51 23
51 29
51 32
51 37
51 38
51 42
51 44
52 1
52 2
52 3
52 4
52 5
52 6
52 7
52 8
52 9
52 12
52 13
52 15
52 16
52 18
52 19
52 21
52 24
52 27
52 29
52 31
52 32
52 41
53 1
53 2
53 3
53 4
53 5
53 7
53 8
53 9
53 10
53 11
53 12
53 13
53 14
53 15
53 16
53 17
53 18
53 23
53 24
53 26
53 27
53 31
53 36
54 1
54 2
54 3
54 4
54 5
54 6
54 7
54 8
54 9
54 10
54 11
54 12
54 14
54 15
54 16
54 17
54 18
54 23
54 24
54 27
54 30
54 33
55 1
55 2
55 3
55 4
55 6
55 7
55 11
55 12
55 13
55 14
55 15
55 16
55 18
55 19
55 20
55 28
55 31
55 38
56 1
56 2
56 3
56 4
56 6
56 7
56 8
56 9
56 10
56 11
56 13
56 14
56 15
56 16
56 17
56 18
56 24
56 25
56 30
57 1
57 2
57 3
57 4
57 5
57 6
57 7
57 8
57 9
57 10
57 12
57 13
57 15
57 16
57 17
57 18
57 20
57 23
57 24
57 25
57 30
57 32
58 1
58 2
58 3
58 4
58 5
58 6
58 7
58 8
58 10
58 11
58 12
58 13
58 14
58 15
58 17
58 19
58 21
58 24
58 25
58 27
58 30
58 31
58 33
59 1
59 2
59 3
59 4
59 5
59 7
59 8
59 9
59 10
59 11
59 15
59 16
59 17
59 18
59 19
59 20
59 22
59 30
60 1
60 2
60 3
60 4
60 5
60 6
60 7
60 9
60 10
60 12
60 13
60 16
60 17
60 18
60 20
60 23
60 24
60 25
60 26
60 30
60 33
61 1
61 2
61 3
61 4
61 5
61 6
61 7
61 10
61 11
61 12
61 13
61 15
61 17
61 20
61 27
61 28
61 29
61 30
61 34
62 1
62 2
62 3
62 4
62 5
62 7
62 10
62 12
62 13
62 14
62 15
62 16
62 17
62 18
62 21
62 23
62 24
62 30
62 34
63 1
63 2
63 3
63 4
63 5
63 6
63 7
63 8
63 9
63 10
63 11
63 13
63 15
63 18
63 24
63 26
63 32
64 1
64 2
64 3
64 4
64 5
64 6
64 7
64 8
64 10
64 12
64 14
64 15
64 16
64 17
64 18
64 19
64 23
64 24
64 26
65 1
65 2
65 3
65 4
65 5
65 6
65 7
65 8
65 9
65 10
65 12
65 13
65 15
65 16
65 17
65 19
65 20
65 21
65 24
65 25
66 1
66 2
66 3
66 4
66 5
66 7
66 8
66 9
66 11
66 12
66 14
66 18
66 22
66 24
66 25
66 30
66 35
67 1
67 2
67 3
67 4
67 6
67 7
67 9
67 11
67 12
67 14
67 15
67 17
67 18
67 19
67 23
67 24
67 27
68 1
68 2
68 3
68 5
68 6
68 7
68 8
68 9
68 10
68 12
68 13
68 14
68 16
68 17
68 19
68 20
68 23
68 27
69 1
69 2
69 3
69 4
69 5
69 6
69 8
69 9
69 11
69 15
69 16
69 17
69 20
69 25
69 26
69 33
70 1
70 2
70 3
70 4
70 5
70 6
70 7
70 10
70 12
70 15
70 16
70 17
70 19
70 24
71 1
71 2
71 3
71 4
71 5
71 6
71 7
71 8
71 10
71 11
71 13
71 16
71 18
71 20
71 32
72 1
72 2
72 3
72 4
72 5
72 6
72 7
72 14
72 15
72 16
72 18
72 19
72 20
72 21
72 22
72 25
72 28
73 1
73 2
73 3
73 4
73 5
73 6
73 10
73 11
73 12
73 13
73 14
73 15
73 16
73 17
73 18
73 19
73 24
74 1
74 2
74 3
74 4
74 5
74 6
74 8
74 9
74 10
74 11
74 12
74 13
74 14
74 18
74 20
74 24
74 25
74 27
75 1
75 2
75 3
75 5
75 6
75 7
75 10
75 11
75 12
75 13
75 17
75 18
75 19
75 21
75 22
76 1
76 2
76 3
76 5
76 6
76 7
76 8
76 9
76 10
76 11
76 13
76 14
76 15
76 17
76 21
76 24
76 25
77 1
77 2
77 3
77 4
77 5
77 6
77 7
77 8
77 9
77 10
77 12
77 16
77 22
77 24
78 1
78 3
78 4
78 6
78 7
78 8
78 10
78 11
78 16
78 20
78 22
78 23
78 24
79 1
79 2
79 3
79 5
79 6
79 7
79 9
79 11
79 18
79 26
79 27
80 1
80 2
80 4
80 5
80 6
80 8
80 10
80 11
80 17
80 24
81 1
81 2
81 3
81 4
81 5
81 6
81 7
81 8
81 9
81 11
81 13
81 16
81 18
81 20
82 1
82 2
82 3
82 5
82 6
82 7
82 10
82 15
82 19
82 21
82 23
83 1
83 2
83 3
83 4
83 6
83 7
83 9
83 12
83 13
83 15
83 16
83 17
83 19
83 20
83 22
83 23
83 24
84 1
84 3
84 4
84 6
84 7
84 8
84 9
84 11
84 14
84 16
84 17
84 18
84 19
85 1
85 2
85 3
85 4
85 5
85 6
85 7
85 8
85 10
85 11
85 12
85 14
85 20
86 1
86 2
86 3
86 4
86 5
86 6
86 8
86 10
86 11
86 12
86 13
86 15
87 1
87 2
87 3
87 4
87 5
87 6
87 7
87 9
87 11
87 15
87 16
87 17
87 21
87 24
88 1
88 2
88 4
88 5
88 6
88 7
88 9
88 10
88 11
88 12
88 17
88 20
88 22
89 1
89 2
89 3
89 4
89 5
89 6
89 7
89 8
89 9
89 10
89 16
89 17
89 18
89 22
90 1
90 2
90 3
90 4
90 5
90 6
90 7
90 8
90 9
90 10
90 12
90 13
90 14
90 15
90 16
90 22
90 24
91 1
91 2
91 3
91 4
91 5
91 6
91 7
91 8
91 9
91 11
91 12
91 18
91 19
91 21
92 1
92 2
92 3
92 4
92 5
92 6
92 7
92 8
92 13
92 14
92 23
93 1
93 2
93 3
93 4
93 5
93 7
93 8
93 9
93 10
93 11
93 15
93 22
94 1
94 2
94 3
94 4
94 5
94 6
94 7
94 8
94 9
94 10
94 12
94 15
94 16
94 19
94 20
94 21
95 1
95 2
95 3
95 4
95 5
95 6
95 7
95 8
95 9
95 10
95 11
95 12
95 14
95 22
96 1
96 2
96 3
96 4
96 5
96 6
96 7
96 8
96 9
96 10
96 11
96 12
96 14
96 16
96 20
97 1
97 2
97 3
97 5
97 7
97 8
97 10
97 11
97 13
97 15
97 16
97 18
98 1
98 2
98 3
98 4
98 5
98 7
98 8
98 9
98 10
98 16
98 17
98 18
99 1
99 2
99 3
99 4
99 5
99 6
99 10
99 11
99 12
99 13
100 1
100 2
100 3
100 4
100 5
100 7
100 9
100 10
100 14
100 17
101 1
101 2
101 3
101 4
101 5
101 6
101 7
101 8
101 9
101 10
101 12
101 13
101 14
102 1
102 2
102 3
102 4
102 5
102 6
102 7
102 9
102 11
102 13
102 16
102 18
103 1
103 2
103 3
103 4
103 5
103 6
103 8
103 11
103 12
103 13
103 14
103 15
103 16
103 20
104 1
104 2
104 3
104 4
104 5
104 6
104 7
104 8
104 9
104 10
104 11
104 13
104 14
104 15
104 16
104 17
104 18
104 19
104 20
105 1
105 2
105 3
105 4
105 9
105 10
105 11
105 12
105 14
105 18
105 19
106 1
106 2
106 4
106 6
106 7
106 9
106 10
106 11
106 13
106 16
107 1
107 2
107 3
107 4
107 5
107 7
107 11
107 16
108 1
108 2
108 3
108 4
108 6
108 7
108 8
108 9
108 11
108 13
108 14
109 1
109 2
109 3
109 4
109 5
109 7
109 9
109 11
109 13
110 1
110 2
110 3
110 4
110 5
110 6
110 7
110 8
110 10
110 11
110 13
110 14
110 16
110 17
110 19
111 1
111 2
111 3
111 4
111 6
111 7
111 8
111 9
111 10
111 12
111 14
111 16
111 18
112 1
112 2
112 3
112 4
112 5
112 6
112 9
112 11
112 12
112 15
112 18
113 1
113 2
113 3
113 4
113 5
113 6
113 8
113 10
113 17
114 1
114 2
114 3
114 4
114 5
114 6
114 7
114 8
114 9
114 10
114 12
115 1
115 2
115 4
115 11
115 16
116 1
116 7
116 9
116 14
116 15
116 16
116 19
117 1
117 2
117 3
117 4
117 5
117 6
117 7
117 10
117 11
117 12
117 13
117 14
117 15
117 17
117 20
118 1
118 2
118 3
118 4
118 5
118 6
118 10
118 11
118 16
119 1
119 2
119 3
119 5
119 6
119 7
119 8
119 10
119 16
120 1
120 2
120 3
120 4
120 5
120 6
120 7
120 8
120 12
120 14
121 1
121 2
121 3
121 4
121 5
121 6
121 7
121 8
121 10
121 11
121 13
122 1
122 2
122 3
122 4
122 6
122 7
122 8
122 10
122 11
122 13
122 16
122 17
123 1
123 2
123 4
123 5
123 6
123 7
123 8
123 9
124 1
124 2
124 3
124 4
124 5
124 8
124 10
124 11
124 13
124 16
124 17
125 1
125 6
125 7
125 8
125 9
125 14
126 1
126 2
126 4
126 5
126 6
126 10
127 1
127 2
127 3
127 4
127 5
127 6
127 7
127 8
127 9
127 11
127 12
127 13
127 15
128 1
128 2
128 3
128 4
128 7
128 8
128 10
128 12
128 13
128 14
