1 1
1 2
1 3
1 4
1 5
1 6
1 7
1 8
1 9
1 10
1 11
1 12
1 13
1 14
1 15
1 16
1 17
1 18
1 19
1 20
1 21
1 23
1 25
1 26
1 27
1 28
1 30
1 31
1 32
1 33
1 34
1 36
1 37
1 39
1 40
1 41
1 42
1 43
1 44
1 45
1 47
1 48
1 50
1 53
1 54
1 55
1 56
1 57
1 58
1 59
1 60
1 61
1 62
1 63
1 64
1 65
1 67
1 68
1 71
1 73
1 74
1 75
1 76
1 77
1 79
1 80
1 81
1 82
1 83
1 84
1 85
1 86
1 87
1 88
1 89
1 90
1 91
1 92
1 93
1 94
1 95
1 96
1 97
1 100
1 102
1 104
1 106
1 107
1 108
1 109
1 112
1 113
1 114
1 115
1 117
1 118
1 119
1 120
1 121
1 122
1 123
1 125
1 126
1 127
1 128
2 1
2 2
2 3
2 4
2 5
2 6
2 7
2 8
2 9
2 10
2 11
2 12
2 13
2 14
2 15
2 16
2 18
2 19
2 20
2 21
2 22
2 23
2 24
2 25
2 26
2 27
2 28
2 29
2 30
2 32
2 35
2 37
2 38
2 40
2 41
2 42
2 43
2 45
2 47
2 49
2 51
2 53
2 55
2 56
2 58
2 59
2 60
2 61
2 62
2 63
2 65
2 67
2 68
2 70
2 71
2 73
2 76
2 78
2 79
2 81
2 83
2 85
2 88
2 91
2 92
2 93
2 94
2 97
2 101
2 103
2 104
2 107
2 109
2 114
2 117
2 119
2 121
2 125
2 128
3 1
3 2
3 3
3 4
3 5
3 6
3 7
3 8
3 9
3 10
3 11
3 12
3 13
3 15
3 16
3 17
3 18
3 19
3 20
3 22
3 24
3 26
3 27
3 29
3 31
3 32
3 34
3 37
3 38
3 40
3 43
3 46
3 47
3 48
3 51
3 52
3 53
3 57
3 59
3 62
3 66
3 68
3 69
3 73
3 75
3 76
3 80
3 83
3 85
3 90
3 93
3 98
3 100
3 104
3 107
3 109
3 113
3 118
3 122
3 123
3 128
4 1
4 2
4 3
4 4
4 5
4 6
4 7
4 8
4 9
4 10
4 13
4 15
4 16
4 18
4 19
4 20
4 21
4 23
4 24
4 25
4 26
4 27
4 30
4 32
4 36
4 39
4 42
4 47
4 52
4 54
4 55
4 59
4 61
4 67
4 71
4 77
4 81
4 84
4 87
4 89
4 94
4 100
4 103
4 108
4 112
4 115
4 124
4 127
4 128
5 1
5 2
5 3
5 4
5 5
5 6
5 7
5 9
5 11
5 14
5 15
5 16
5 20
5 22
5 24
5 26
5 29
5 32
5 36
5 39
5 41
5 44
5 51
5 54
5 59
5 62
5 65
5 70
5 72
5 77
5 81
5 85
5 88
5 92
5 100
5 104
5 111
5 116
5 117
5 122
5 125
5 128
6 1
6 2
6 3
6 4
6 6
6 7
6 9
6 11
6 12
6 13
6 15
6 19
6 20
6 21
6 25
6 29
6 30
6 31
6 33
6 36
6 37
6 39
6 41
6 44
6 47
6 48
6 52
6 55
6 58
6 61
6 66
6 74
6 75
6 82
6 88
6 92
6 100
6 104
6 106
6 111
6 115
6 117
6 123
7 1
7 2
7 3
7 4
7 5
7 6
7 8
7 9
7 10
7 12
7 13
7 16
7 17
7 19
7 21
7 25
7 27
7 30
7 33
7 34
7 38
7 42
7 46
7 52
7 54
7 61
7 65
7 69
7 73
7 80
7 84
7 96
7 105
7 119
7 127
8 1
8 2
8 3
8 4
8 5
8 6
8 7
8 8
8 9
8 10
8 11
8 12
8 14
8 16
8 19
8 22
8 25
8 27
8 29
8 32
8 35
8 38
8 41
8 44
8 49
8 53
8 58
8 59
8 69
8 73
8 80
8 86
8 91
8 96
8 103
8 109
8 117
8 127
9 1
9 2
9 3
9 4
9 6
9 7
9 8
9 11
9 12
9 16
9 17
9 18
9 19
9 23
9 27
9 28
9 31
9 37
9 39
9 41
9 44
9 51
9 55
9 63
9 70
9 82
9 87
9 92
9 96
9 103
9 109
9 120
10 1
10 3
10 4
10 5
10 7
10 9
10 10
10 12
10 14
10 15
10 16
10 18
10 23
10 26
10 28
10 36
10 39
10 44
10 51
10 57
10 68
10 76
10 87
10 94
10 105
10 112
10 114
10 120
11 1
11 2
11 3
11 4
11 5
11 7
11 8
11 10
11 11
11 12
11 13
11 14
11 15
11 17
11 23
11 27
11 31
11 35
11 39
11 41
11 47
11 48
11 52
11 62
11 69
11 74
11 79
11 91
11 98
11 111
11 117
11 124
12 1
12 3
12 4
12 5
12 6
12 9
12 12
12 15
12 16
12 18
12 21
12 23
12 29
12 33
12 37
12 44
12 49
12 57
12 68
12 73
12 80
12 91
12 102
12 113
12 124
13 1
13 2
13 3
13 5
13 8
13 10
13 15
13 18
13 20
13 24
13 26
13 30
13 33
13 36
13 42
13 51
13 55
13 58
13 62
13 69
13 75
13 81
13 90
13 95
13 102
13 116
13 126
14 1
14 3
14 4
14 5
14 6
14 7
14 11
14 12
14 14
14 15
14 17
14 20
14 21
14 25
14 29
14 36
14 42
14 49
14 59
14 66
14 76
14 96
14 109
14 119
14 128
15 1
15 2
15 3
15 4
15 5
15 6
15 7
15 9
15 10
15 11
15 17
15 21
15 32
15 36
15 44
15 49
15 57
15 64
15 80
15 91
15 101
15 122
16 1
16 2
16 3
16 5
16 6
16 15
16 29
16 33
16 39
16 44
16 52
16 63
16 85
16 95
16 106
16 119
17 1
17 2
17 3
17 8
17 14
17 21
17 22
17 31
17 38
17 47
17 57
17 58
17 63
17 73
17 85
17 103
17 117
18 1
18 2
18 3
18 4
18 5
18 6
18 7
18 8
18 9
18 10
18 11
18 12
18 13
18 15
18 17
18 20
18 25
18 29
18 32
18 34
18 45
18 49
18 55
18 62
18 73
18 85
18 104
18 117
19 1
19 3
19 4
19 5
19 9
19 18
19 19
19 24
19 30
19 33
19 38
19 48
19 55
19 62
19 81
19 99
19 114
20 1
20 2
20 4
20 5
20 6
20 8
20 10
20 12
20 16
20 24
20 38
20 45
20 56
20 65
20 73
20 91
20 101
20 117
21 1
21 2
21 3
21 4
21 6
21 7
21 9
21 13
21 18
21 33
21 39
21 47
21 54
21 60
21 76
21 86
21 101
21 113
22 3
22 4
22 5
22 6
22 8
22 9
22 10
22 13
22 14
22 15
22 16
22 17
22 19
22 22
22 25
22 31
22 50
22 64
22 73
22 92
22 110
23 1
23 2
23 4
23 11
23 12
23 14
23 21
23 29
23 34
23 43
23 52
23 58
23 63
23 75
23 86
23 101
23 114
23 128
24 1
24 2
24 3
24 5
24 6
24 8
24 10
24 11
24 20
24 26
24 29
24 45
24 59
24 70
24 80
24 90
24 96
24 114
25 1
25 3
25 4
25 6
25 16
25 17
25 18
25 19
25 23
25 28
25 30
25 35
25 41
25 49
25 61
25 77
25 93
25 116
26 1
26 2
26 4
26 5
26 7
26 9
26 11
26 12
26 15
26 31
26 42
26 52
26 64
26 81
26 98
26 121
27 1
27 6
27 13
27 14
27 15
27 18
27 22
27 24
27 50
27 64
27 72
27 77
27 96
27 112
27 120
28 1
28 2
28 3
28 5
28 6
28 7
28 11
28 19
28 21
28 25
28 26
28 37
28 40
28 51
28 65
28 88
28 110
29 1
29 2
29 3
29 4
29 6
29 9
29 14
29 16
29 17
29 20
29 23
29 37
29 51
29 66
29 80
30 1
30 7
30 11
30 12
30 39
30 48
30 51
30 74
30 83
30 107
31 1
31 2
31 3
31 4
31 9
31 10
31 13
31 32
31 41
31 53
31 75
31 98
31 123
32 1
32 2
32 3
32 5
32 6
32 8
32 18
32 26
32 58
32 71
32 95
32 113
33 1
33 2
33 3
33 4
33 8
33 20
33 29
33 34
33 71
33 95
33 114
34 1
34 2
34 4
34 6
34 7
34 9
34 10
34 13
34 16
34 22
34 24
34 30
34 41
34 60
34 87
34 113
35 1
35 5
35 18
35 27
35 36
35 41
35 55
35 76
35 99
35 128
36 2
36 3
36 6
36 8
36 9
36 13
36 14
36 17
36 19
36 21
36 26
36 88
36 113
37 1
37 2
37 4
37 5
37 7
37 10
37 11
37 15
37 20
37 42
37 64
37 125
38 1
38 2
38 23
38 25
38 28
38 49
38 64
38 85
38 114
39 2
39 3
39 12
39 30
39 40
39 53
39 69
39 72
39 94
39 117
40 1
40 2
40 5
40 6
40 10
40 44
40 48
41 1
41 4
41 8
41 9
41 13
41 16
41 18
41 24
41 29
41 84
41 111
42 1
42 3
42 7
42 11
42 22
42 57
42 85
42 104
42 112
43 1
43 2
43 3
43 4
43 6
43 10
43 14
43 17
43 20
43 21
43 25
43 32
43 38
43 55
43 75
43 99
43 128
44 1
44 2
44 4
44 5
44 9
44 12
44 13
44 15
44 31
44 57
44 66
44 75
44 108
45 1
45 2
45 4
45 6
45 19
45 27
45 33
45 34
45 89
45 119
46 1
46 3
46 7
46 11
46 26
46 88
46 90
47 1
47 2
47 3
47 5
47 8
47 14
47 16
47 24
47 35
47 37
47 39
47 65
47 95
47 125
48 1
48 15
48 18
48 20
48 22
48 42
48 69
48 94
49 2
49 3
49 10
49 23
49 29
49 30
49 54
49 76
49 107
50 1
50 2
50 4
50 5
50 6
50 7
50 12
50 17
50 21
50 77
50 109
51 1
51 3
51 9
51 19
51 25
51 28
51 58
51 75
52 1
52 2
52 7
52 8
52 10
52 36
52 41
52 56
52 74
52 114
53 1
53 2
53 3
53 4
53 5
53 11
53 14
53 32
53 33
53 40
53 50
53 121
54 1
54 3
54 6
54 8
54 10
54 13
54 68
54 115
55 1
55 2
55 16
55 17
55 38
55 52
56 1
56 9
56 19
56 26
56 31
56 46
56 125
57 1
57 2
57 5
57 7
57 8
57 12
57 18
57 27
57 43
58 2
58 3
58 4
58 6
58 14
58 70
58 87
58 110
59 1
59 3
59 6
59 7
59 9
59 15
59 21
59 24
59 34
60 1
60 2
60 30
60 37
60 39
60 79
60 117
61 1
61 5
61 25
61 44
61 96
62 1
62 3
62 10
62 17
62 22
62 29
63 1
63 4
63 8
63 11
63 20
63 23
63 28
63 32
63 47
63 91
64 1
64 2
64 3
64 6
64 80
64 95
65 4
65 7
65 8
65 10
65 13
65 21
65 48
65 62
65 66
65 72
65 102
66 1
66 3
66 5
66 9
66 10
66 12
66 16
66 18
66 64
66 96
66 98
66 100
67 33
67 35
68 1
68 2
68 4
68 17
68 36
68 101
69 1
69 2
69 3
69 5
69 6
69 7
69 26
69 60
70 1
70 8
70 11
70 14
70 51
71 1
71 2
71 5
71 7
71 34
72 3
72 4
72 9
72 10
72 15
72 109
73 1
73 2
73 19
73 27
73 41
73 45
73 49
73 111
73 112
74 1
74 2
74 3
74 4
74 8
74 12
74 24
74 40
74 50
74 58
74 103
75 1
75 11
75 16
75 20
75 113
76 1
76 2
76 13
76 22
76 23
76 25
76 30
76 54
76 76
77 1
77 2
77 3
77 5
77 7
77 21
77 31
77 38
77 39
77 115
77 116
78 1
78 3
78 4
78 6
78 9
78 10
78 42
78 56
79 2
79 8
79 29
79 37
80 1
80 5
80 15
81 1
81 3
81 32
81 124
82 1
82 2
82 6
82 12
82 61
82 78
83 1
83 2
83 4
83 10
83 17
83 46
83 55
83 68
84 1
84 2
84 7
84 8
84 9
84 14
84 18
84 28
84 43
84 90
85 1
85 3
85 6
85 16
85 19
85 52
85 53
86 1
86 2
86 5
86 11
86 41
87 1
87 13
87 26
87 33
87 84
88 2
88 12
88 44
88 57
88 86
88 127
89 1
89 2
89 4
89 5
89 15
89 22
89 35
89 59
89 82
90 1
90 3
90 5
90 7
90 20
90 27
91 1
91 6
91 8
91 36
91 47
91 67
92 1
92 2
92 4
92 10
92 16
92 48
92 70
92 104
92 108
93 1
93 2
93 3
93 9
93 23
93 63
93 74
94 1
94 5
94 11
94 14
94 24
94 72
95 1
95 2
95 3
95 4
95 19
96 1
96 2
96 13
96 18
96 31
97 1
97 7
97 12
97 34
97 39
97 62
98 3
98 4
98 30
98 40
98 45
98 60
98 94
98 110
98 120
99 1
99 2
99 6
99 9
99 17
100 1
100 2
100 8
100 10
100 25
100 50
100 66
101 1
101 3
101 4
101 5
101 6
101 15
101 21
101 64
101 98
102 1
102 14
103 4
103 42
103 88
103 92
104 1
104 2
104 3
104 29
104 37
105 1
105 10
105 12
105 13
105 33
105 38
105 65
106 1
106 3
106 7
106 8
106 28
106 54
106 58
106 69
107 1
107 2
107 19
107 43
107 51
107 77
108 1
108 5
108 11
108 16
108 20
108 73
108 100
109 1
109 2
109 4
109 18
109 24
109 49
110 2
110 5
111 1
111 6
111 26
111 96
112 1
112 2
112 4
112 7
112 12
112 13
112 14
112 23
112 35
112 41
112 102
113 1
113 3
113 9
113 10
113 22
114 2
114 3
114 5
114 17
114 21
114 32
115 1
115 2
116 8
116 15
116 27
116 46
116 55
116 75
116 80
117 1
117 3
117 4
117 6
117 44
118 5
118 61
118 78
118 114
119 1
119 11
119 36
119 40
119 56
119 68
120 1
120 2
120 7
120 10
120 71
120 79
120 112
121 1
121 3
121 4
121 6
121 9
121 20
121 34
121 106
122 2
122 13
122 31
122 47
122 59
123 2
123 3
123 4
123 5
123 12
123 19
123 25
123 30
123 52
124 1
124 16
125 3
125 6
125 8
125 116
126 1
126 2
126 18
126 23
126 37
127 1
127 2
127 9
128 2
128 4
128 5
128 14
128 85
