1 1
1 2
1 3
1 4
1 5
1 6
1 7
1 8
1 9
1 10
1 11
1 12
1 13
1 14
1 15
1 16
1 17
1 18
1 20
1 21
1 22
1 23
1 24
1 27
1 29
1 30
1 32
1 33
1 34
1 35
1 36
1 38
1 40
1 41
1 44
1 46
1 48
1 49
1 50
1 51
1 52
1 53
1 55
1 57
1 59
1 60
1 61
1 63
1 64
1 66
1 68
1 69
1 71
1 72
1 73
1 74
1 76
1 78
1 80
1 81
1 82
1 83
1 86
1 87
1 93
1 95
1 96
1 98
1 100
1 102
1 104
1 108
1 109
1 110
1 115
1 116
1 118
1 120
1 121
1 122
1 125
1 127
1 128
2 1
2 2
2 3
2 4
2 5
2 6
2 7
2 8
2 10
2 12
2 15
2 18
2 23
2 26
2 29
2 30
2 33
2 37
2 39
2 43
2 44
2 45
2 47
2 51
2 53
2 57
2 61
2 65
2 68
2 73
2 76
2 79
2 80
2 83
2 87
2 95
2 98
2 104
2 105
2 111
2 115
2 117
2 119
2 123
2 124
3 1
3 3
3 4
3 5
3 7
3 8
3 9
3 10
3 11
3 12
3 13
3 14
3 16
3 18
3 20
3 24
3 27
3 29
3 31
3 33
3 39
3 42
3 48
3 51
3 52
3 54
3 58
3 62
3 66
3 71
3 76
3 83
3 89
3 94
3 103
3 120
3 121
4 2
4 3
4 5
4 6
4 7
4 10
4 12
4 16
4 18
4 22
4 23
4 25
4 31
4 35
4 37
4 40
4 44
4 49
4 55
4 63
4 64
4 68
4 78
4 99
4 107
4 115
4 116
5 1
5 2
5 3
5 7
5 10
5 13
5 17
5 21
5 26
5 32
5 34
5 37
5 49
5 73
5 83
5 100
5 107
5 115
5 125
6 1
6 2
6 4
6 5
6 6
6 8
6 10
6 13
6 18
6 20
6 23
6 26
6 36
6 48
6 58
6 72
6 86
6 99
6 108
7 1
7 2
7 5
7 12
7 13
7 16
7 21
7 22
7 25
7 30
7 31
7 34
7 41
7 55
7 56
7 71
7 80
7 82
7 92
7 105
7 121
8 1
8 3
8 4
8 6
8 11
8 13
8 14
8 18
8 24
8 28
8 41
8 51
8 52
8 61
8 84
8 88
8 102
8 112
8 118
9 1
9 2
9 3
9 6
9 9
9 13
9 18
9 23
9 33
9 58
9 76
9 97
10 1
10 3
10 4
10 6
10 7
10 10
10 13
10 15
10 18
10 20
10 21
10 29
10 35
10 53
10 73
10 89
10 111
10 120
11 1
11 4
11 5
11 8
11 12
11 13
11 18
11 27
11 32
11 40
11 49
11 67
11 101
11 123
12 1
12 2
12 3
12 4
12 5
12 6
12 8
12 9
12 16
12 21
12 28
12 37
12 46
12 58
12 64
12 101
12 127
13 2
13 3
13 4
13 10
13 14
13 16
13 26
13 41
13 54
13 75
13 93
13 94
13 100
13 116
13 127
14 1
14 3
14 12
14 29
14 59
14 78
14 126
15 1
15 2
15 8
15 9
15 11
15 21
15 22
15 29
15 36
15 44
15 48
15 60
15 87
15 115
16 1
16 2
16 3
16 6
16 11
16 32
16 68
16 99
17 1
17 2
17 3
17 5
17 7
17 18
17 23
17 52
17 56
17 77
17 113
18 1
18 4
18 14
18 20
18 34
18 37
18 40
18 54
18 83
19 1
19 2
19 5
19 6
19 8
19 13
19 30
19 37
19 55
19 88
19 107
20 1
20 2
20 3
20 9
20 10
20 12
20 39
20 62
20 80
20 99
21 1
21 6
21 16
21 38
21 84
21 92
22 1
22 3
22 4
22 20
22 35
22 51
22 87
23 1
23 2
23 3
23 4
23 7
23 14
23 19
23 22
23 35
23 61
23 89
24 2
24 5
24 6
24 8
24 11
24 24
24 41
24 61
24 74
25 1
25 4
25 9
25 10
25 41
25 75
25 114
26 1
26 13
26 17
26 18
26 35
26 42
26 61
26 98
27 1
27 3
27 5
27 26
27 53
28 2
28 7
28 8
28 15
28 49
28 81
29 1
29 6
29 46
29 112
30 1
30 2
30 4
30 12
30 16
30 21
30 72
31 22
32 1
32 2
32 3
32 4
32 5
32 44
32 51
32 98
32 120
33 1
33 2
33 6
33 7
33 9
33 11
33 13
33 14
33 32
33 50
34 28
34 30
35 2
35 6
35 8
35 10
35 23
36 1
36 2
36 4
36 19
36 20
36 34
36 65
36 125
37 5
37 24
37 40
37 58
37 83
38 1
39 1
39 2
39 3
39 25
39 75
40 2
40 6
40 17
40 81
41 1
41 56
41 64
41 81
41 100
41 104
41 126
42 2
42 3
42 5
42 8
42 9
42 12
42 18
42 48
42 81
43 1
43 2
43 10
43 38
43 116
44 1
44 4
44 7
44 15
45 1
45 2
45 11
45 52
45 97
46 1
46 14
46 27
46 36
46 93
47 3
47 22
47 93
48 6
48 21
49 1
49 2
49 4
49 7
49 29
49 42
49 94
49 101
50 3
51 13
51 76
51 127
52 1
52 4
52 5
52 26
52 28
53 8
54 2
54 4
54 6
54 10
54 16
54 121
55 1
55 3
55 23
55 123
56 2
56 7
56 15
56 20
56 80
56 118
57 33
58 1
58 2
58 4
58 6
58 12
58 17
58 24
59 8
59 10
59 19
60 2
60 9
60 11
60 31
61 1
61 5
61 88
62 2
62 3
63 1
63 2
63 35
64 25
64 32
65 5
65 14
66 1
66 2
66 4
66 7
67 18
67 30
67 37
68 1
68 2
68 3
68 60
69 1
69 6
69 44
70 1
70 34
70 82
71 11
71 15
71 16
71 46
71 74
71 86
71 92
72 1
72 2
72 3
72 4
72 5
72 13
72 22
73 9
74 1
75 10
75 21
75 72
76 1
76 3
76 8
77 1
77 29
78 3
78 7
79 1
79 2
79 4
79 12
79 43
79 54
80 5
80 27
81 70
81 84
81 102
82 1
82 6
82 40
83 3
83 14
83 28
84 1
84 39
84 66
85 2
85 47
85 112
86 1
86 2
86 19
86 20
86 41
86 62
87 1
87 6
87 9
87 24
88 1
88 4
88 5
88 8
88 10
88 110
89 3
89 26
89 38
89 50
90 1
90 48
90 58
91 1
91 2
91 78
92 17
93 1
93 11
93 23
93 36
95 1
95 18
95 25
95 114
96 1
96 4
97 1
97 2
97 3
98 6
98 7
98 56
98 64
99 45
100 1
100 15
100 42
101 1
101 2
101 5
101 8
102 33
103 1
104 2
104 4
104 12
105 14
105 120
106 1
106 3
106 9
106 13
106 52
107 2
107 16
107 30
109 6
109 7
110 1
110 2
110 5
110 22
110 68
110 122
111 32
111 53
112 4
112 49
114 2
114 3
114 106
115 1
115 10
116 1
116 8
116 51
117 2
118 3
118 5
118 11
119 1
119 98
120 2
120 6
121 1
121 9
121 19
121 31
122 1
123 1
123 7
124 12
124 17
125 2
125 15
125 20
125 21
125 24
125 34
125 37
126 1
126 2
126 4
126 90
127 3
